             0.00500             0.00011
             0.01500             0.00009
             0.02500             0.00010
             0.03500             0.00011
             0.04500             0.00012
             0.05500             0.00014
             0.06500             0.00015
             0.07500             0.00017
             0.08500             0.00018
             0.09500             0.00020
             0.10500             0.00021
             0.11500             0.00023
             0.12500             0.00025
             0.13500             0.00027
             0.14500             0.00029
             0.15500             0.00032
             0.16500             0.00034
             0.17500             0.00036
             0.18500             0.00039
             0.19500             0.00042
             0.20500             0.00042
             0.21500             0.00046
             0.22500             0.00049
             0.23500             0.00052
             0.24500             0.00052
             0.25500             0.00056
             0.26500             0.00056
             0.27500             0.00060
             0.28500             0.00065
             0.29500             0.00069
             0.30500             0.00074
             0.31500             0.00079
             0.32500             0.00070
             0.33500             0.00074
             0.34500             0.00080
             0.35500             0.00086
             0.36500             0.00092
             0.37500             0.00098
             0.38500             0.00104
             0.39500             0.00111
             0.40500             0.00116
             0.41500             0.00120
             0.42500             0.00128
             0.43500             0.00135
             0.44500             0.00137
             0.45500             0.00145
             0.46500             0.00147
             0.47500             0.00138
             0.48500             0.00140
             0.49500             0.00148
             0.50500             0.00158
             0.51500             0.00157
             0.52500             0.00166
             0.53500             0.00177
             0.54500             0.00173
             0.55500             0.00184
             0.56500             0.00195
             0.57500             0.00207
             0.58500             0.00212
             0.59500             0.00215
             0.60500             0.00228
             0.61500             0.00241
             0.62500             0.00247
             0.63500             0.00247
             0.64500             0.00248
             0.65500             0.00248
             0.66500             0.00261
             0.67500             0.00269
             0.68500             0.00285
             0.69500             0.00287
             0.70500             0.00299
             0.71500             0.00316
             0.72500             0.00333
             0.73500             0.00330
             0.74500             0.00348
             0.75500             0.00346
             0.76500             0.00364
             0.77500             0.00349
             0.78500             0.00359
             0.79500             0.00378
             0.80500             0.00394
             0.81500             0.00415
             0.82500             0.00408
             0.83500             0.00416
             0.84500             0.00430
             0.85500             0.00452
             0.86500             0.00461
             0.87500             0.00464
             0.88500             0.00466
             0.89500             0.00476
             0.90500             0.00493
             0.91500             0.00504
             0.92500             0.00505
             0.93500             0.00524
             0.94500             0.00516
             0.95500             0.00535
             0.96500             0.00562
             0.97500             0.00574
             0.98500             0.00602
             0.99500             0.00620
             1.00500             0.00615
             1.01500             0.00638
             1.02500             0.00628
             1.03500             0.00651
             1.04500             0.00683
             1.05500             0.00667
             1.06500             0.00686
             1.07500             0.00691
             1.08500             0.00704
             1.09500             0.00717
             1.10500             0.00738
             1.11500             0.00773
             1.12500             0.00809
             1.13500             0.00826
             1.14500             0.00806
             1.15500             0.00821
             1.16500             0.00838
             1.17500             0.00863
             1.18500             0.00845
             1.19500             0.00864
             1.20500             0.00890
             1.21500             0.00918
             1.22500             0.00922
             1.23500             0.00944
             1.24500             0.00960
             1.25500             0.00983
             1.26500             0.01001
             1.27500             0.01039
             1.28500             0.01042
             1.29500             0.01071
             1.30500             0.01064
             1.31500             0.01084
             1.32500             0.01112
             1.33500             0.01112
             1.34500             0.01120
             1.35500             0.01161
             1.36500             0.01172
             1.37500             0.01204
             1.38500             0.01209
             1.39500             0.01250
             1.40500             0.01237
             1.41500             0.01272
             1.42500             0.01308
             1.43500             0.01325
             1.44500             0.01342
             1.45500             0.01384
             1.46500             0.01390
             1.47500             0.01417
             1.48500             0.01441
             1.49500             0.01436
             1.50500             0.01485
             1.51500             0.01533
             1.52500             0.01537
             1.53500             0.01556
             1.54500             0.01578
             1.55500             0.01573
             1.56500             0.01600
             1.57500             0.01600
             1.58500             0.01642
             1.59500             0.01685
             1.60500             0.01702
             1.61500             0.01693
             1.62500             0.01718
             1.63500             0.01771
             1.64500             0.01825
             1.65500             0.01841
             1.66500             0.01855
             1.67500             0.01882
             1.68500             0.01933
             1.69500             0.01953
             1.70500             0.01987
             1.71500             0.02006
             1.72500             0.02036
             1.73500             0.02018
             1.74500             0.02056
             1.75500             0.02078
             1.76500             0.02124
             1.77500             0.02180
             1.78500             0.02196
             1.79500             0.02213
             1.80500             0.02203
             1.81500             0.02228
             1.82500             0.02288
             1.83500             0.02358
             1.84500             0.02429
             1.85500             0.02432
             1.86500             0.02479
             1.87500             0.02479
             1.88500             0.02527
             1.89500             0.02556
             1.90500             0.02586
             1.91500             0.02617
             1.92500             0.02615
             1.93500             0.02640
             1.94500             0.02681
             1.95500             0.02733
             1.96500             0.02763
             1.97500             0.02807
             1.98500             0.02805
             1.99500             0.02866
             2.00500             0.02901
             2.01500             0.02977
             2.02500             0.03016
             2.03500             0.03022
             2.04500             0.03094
             2.05500             0.03055
             2.06500             0.03101
             2.07500             0.03146
             2.08500             0.03179
             2.09500             0.03247
             2.10500             0.03284
             2.11500             0.03298
             2.12500             0.03392
             2.13500             0.03389
             2.14500             0.03446
             2.15500             0.03497
             2.16500             0.03548
             2.17500             0.03562
             2.18500             0.03622
             2.19500             0.03717
             2.20500             0.03717
             2.21500             0.03771
             2.22500             0.03793
             2.23500             0.03892
             2.24500             0.03935
             2.25500             0.03962
             2.26500             0.03984
             2.27500             0.04034
             2.28500             0.04031
             2.29500             0.04082
             2.30500             0.04123
             2.31500             0.04153
             2.32500             0.04245
             2.33500             0.04333
             2.34500             0.04349
             2.35500             0.04414
             2.36500             0.04441
             2.37500             0.04591
             2.38500             0.04617
             2.39500             0.04636
             2.40500             0.04681
             2.41500             0.04696
             2.42500             0.04757
             2.43500             0.04783
             2.44500             0.04863
             2.45500             0.04873
             2.46500             0.04986
             2.47500             0.05036
             2.48500             0.05128
             2.49500             0.05244
             2.50500             0.05316
             2.51500             0.05278
             2.52500             0.05324
             2.53500             0.05380
             2.54500             0.05458
             2.55500             0.05512
             2.56500             0.05609
             2.57500             0.05723
             2.58500             0.05781
             2.59500             0.05846
             2.60500             0.05872
             2.61500             0.05982
             2.62500             0.05957
             2.63500             0.06050
             2.64500             0.06098
             2.65500             0.06152
             2.66500             0.06267
             2.67500             0.06270
             2.68500             0.06314
             2.69500             0.06430
             2.70500             0.06575
             2.71500             0.06693
             2.72500             0.06767
             2.73500             0.06841
             2.74500             0.06876
             2.75500             0.06895
             2.76500             0.06992
             2.77500             0.07075
             2.78500             0.07118
             2.79500             0.07156
             2.80500             0.07285
             2.81500             0.07416
             2.82500             0.07562
             2.83500             0.07618
             2.84500             0.07709
             2.85500             0.07777
             2.86500             0.07895
             2.87500             0.07912
             2.88500             0.08064
             2.89500             0.08135
             2.90500             0.08247
             2.91500             0.08316
             2.92500             0.08387
             2.93500             0.08542
             2.94500             0.08702
             2.95500             0.08672
             2.96500             0.08782
             2.97500             0.08790
             2.98500             0.08896
             2.99500             0.09034
             3.00500             0.09188
             3.01500             0.09324
             3.02500             0.09466
             3.03500             0.09654
             3.04500             0.09699
             3.05500             0.09881
             3.06500             0.09954
             3.07500             0.09935
             3.08500             0.10091
             3.09500             0.10161
             3.10500             0.10263
             3.11500             0.10393
             3.12500             0.10578
             3.13500             0.10729
             3.14500             0.10951
             3.15500             0.11017
             3.16500             0.11210
             3.17500             0.11293
             3.18500             0.11347
             3.19500             0.11481
             3.20500             0.11640
             3.21500             0.11862
             3.22500             0.12022
             3.23500             0.12215
             3.24500             0.12299
             3.25500             0.12418
             3.26500             0.12603
             3.27500             0.12751
             3.28500             0.12948
             3.29500             0.13105
             3.30500             0.13346
             3.31500             0.13583
             3.32500             0.13570
             3.33500             0.13689
             3.34500             0.13937
             3.35500             0.14144
             3.36500             0.14420
             3.37500             0.14691
             3.38500             0.15015
             3.39500             0.15113
             3.40500             0.15211
             3.41500             0.15389
             3.42500             0.15615
             3.43500             0.15891
             3.44500             0.16177
             3.45500             0.16442
             3.46500             0.16736
             3.47500             0.17075
             3.48500             0.17297
             3.49500             0.17464
             3.50500             0.17622
             3.51500             0.18026
             3.52500             0.18455
             3.53500             0.18739
             3.54500             0.19094
             3.55500             0.19401
             3.56500             0.19711
             3.57500             0.20075
             3.58500             0.20408
             3.59500             0.20773
             3.60500             0.21319
             3.61500             0.21622
             3.62500             0.21993
             3.63500             0.22364
             3.64500             0.22748
             3.65500             0.23263
             3.66500             0.23612
             3.67500             0.24119
             3.68500             0.24497
             3.69500             0.24938
             3.70500             0.25162
             3.71500             0.25522
             3.72500             0.26002
             3.73500             0.26589
             3.74500             0.26921
             3.75500             0.27336
             3.76500             0.27951
             3.77500             0.28440
             3.78500             0.28729
             3.79500             0.28712
             3.80500             0.29093
             3.81500             0.29361
             3.82500             0.29903
             3.83500             0.30251
             3.84500             0.30596
             3.85500             0.30975
             3.86500             0.31198
             3.87500             0.31510
             3.88500             0.31650
             3.89500             0.31879
             3.90500             0.32045
             3.91500             0.32147
             3.92500             0.32296
             3.93500             0.32423
             3.94500             0.32399
             3.95500             0.32427
             3.96500             0.32431
             3.97500             0.32307
             3.98500             0.32300
             3.99500             0.32184
             4.00500             0.31991
             4.01500             0.31743
             4.02500             0.31413
             4.03500             0.31106
             4.04500             0.30844
             4.05500             0.30545
             4.06500             0.30247
             4.07500             0.30017
             4.08500             0.29758
             4.09500             0.29470
             4.10500             0.29299
             4.11500             0.29131
             4.12500             0.28804
             4.13500             0.28639
             4.14500             0.28465
             4.15500             0.27996
             4.16500             0.27941
             4.17500             0.27710
             4.18500             0.27736
             4.19500             0.27511
             4.20500             0.27185
             4.21500             0.27122
             4.22500             0.26843
             4.23500             0.26579
             4.24500             0.26346
             4.25500             0.26187
             4.26500             0.25862
             4.27500             0.25736
             4.28500             0.25567
             4.29500             0.25269
             4.30500             0.25259
             4.31500             0.25123
             4.32500             0.25037
             4.33500             0.24540
             4.34500             0.24442
             4.35500             0.24326
             4.36500             0.24146
             4.37500             0.24005
             4.38500             0.23935
             4.39500             0.23965
             4.40500             0.23729
             4.41500             0.23468
             4.42500             0.23241
             4.43500             0.23074
             4.44500             0.23024
             4.45500             0.22837
             4.46500             0.22708
             4.47500             0.22541
             4.48500             0.22409
             4.49500             0.22344
             4.50500             0.22350
             4.51500             0.22222
             4.52500             0.22270
             4.53500             0.22163
             4.54500             0.22185
             4.55500             0.22242
             4.56500             0.22268
             4.57500             0.22198
             4.58500             0.22103
             4.59500             0.21995
             4.60500             0.22016
             4.61500             0.21880
             4.62500             0.21932
             4.63500             0.21888
             4.64500             0.21979
             4.65500             0.21967
             4.66500             0.21905
             4.67500             0.21991
             4.68500             0.22061
             4.69500             0.22136
             4.70500             0.22201
             4.71500             0.22341
             4.72500             0.22314
             4.73500             0.22473
             4.74500             0.22411
             4.75500             0.22685
             4.76500             0.22690
             4.77500             0.22548
             4.78500             0.22655
             4.79500             0.22792
             4.80500             0.22833
             4.81500             0.22883
             4.82500             0.22868
             4.83500             0.22835
             4.84500             0.22884
             4.85500             0.23017
             4.86500             0.23115
             4.87500             0.23261
             4.88500             0.23376
             4.89500             0.23510
             4.90500             0.23599
             4.91500             0.23688
             4.92500             0.23748
             4.93500             0.24035
             4.94500             0.24024
             4.95500             0.24195
             4.96500             0.24377
             4.97500             0.24390
             4.98500             0.24420
             4.99500             0.24335
             5.00500             0.24466
             5.01500             0.24525
             5.02500             0.24494
             5.03500             0.24642
             5.04500             0.24624
             5.05500             0.24745
             5.06500             0.24811
             5.07500             0.25058
             5.08500             0.25169
             5.09500             0.25219
             5.10500             0.25308
             5.11500             0.25319
             5.12500             0.25483
             5.13500             0.25686
             5.14500             0.25595
             5.15500             0.25585
             5.16500             0.25625
             5.17500             0.25653
             5.18500             0.25622
             5.19500             0.25642
             5.20500             0.25313
             5.21500             0.25325
             5.22500             0.25173
             5.23500             0.25148
             5.24500             0.25188
             5.25500             0.24920
             5.26500             0.24885
             5.27500             0.24763
             5.28500             0.24557
             5.29500             0.24535
             5.30500             0.24470
             5.31500             0.24365
             5.32500             0.24213
             5.33500             0.24167
             5.34500             0.23872
             5.35500             0.23760
             5.36500             0.23590
             5.37500             0.23414
             5.38500             0.23235
             5.39500             0.22982
             5.40500             0.23136
             5.41500             0.23098
             5.42500             0.23053
             5.43500             0.23037
             5.44500             0.23025
             5.45500             0.23022
             5.46500             0.23019
             5.47500             0.23199
             5.48500             0.23181
             5.49500             0.23234
             5.50500             0.23405
             5.51500             0.23489
             5.52500             0.23388
             5.53500             0.23419
             5.54500             0.23484
             5.55500             0.23409
             5.56500             0.23460
             5.57500             0.23323
             5.58500             0.23341
             5.59500             0.23349
             5.60500             0.23311
             5.61500             0.23208
             5.62500             0.23042
             5.63500             0.22862
             5.64500             0.22643
             5.65500             0.22494
             5.66500             0.22011
             5.67500             0.21581
             5.68500             0.21248
             5.69500             0.20932
             5.70500             0.20582
             5.71500             0.20256
             5.72500             0.20067
             5.73500             0.19669
             5.74500             0.19465
             5.75500             0.19136
             5.76500             0.18912
             5.77500             0.18706
             5.78500             0.18510
             5.79500             0.18328
             5.80500             0.18101
             5.81500             0.17796
             5.82500             0.17725
             5.83500             0.17370
             5.84500             0.17256
             5.85500             0.17071
             5.86500             0.16996
             5.87500             0.16891
             5.88500             0.16667
             5.89500             0.16560
             5.90500             0.16385
             5.91500             0.16387
             5.92500             0.16243
             5.93500             0.16150
             5.94500             0.16170
             5.95500             0.16157
             5.96500             0.16210
             5.97500             0.16269
             5.98500             0.16295
             5.99500             0.16382
             6.00500             0.16406
             6.01500             0.16418
             6.02500             0.16391
             6.03500             0.16560
             6.04500             0.16796
             6.05500             0.17024
             6.06500             0.17299
             6.07500             0.17549
             6.08500             0.17873
             6.09500             0.18132
             6.10500             0.18562
             6.11500             0.18762
             6.12500             0.18988
             6.13500             0.19359
             6.14500             0.19837
             6.15500             0.20428
             6.16500             0.20835
             6.17500             0.21277
             6.18500             0.21799
             6.19500             0.22368
             6.20500             0.22912
             6.21500             0.23386
             6.22500             0.23980
             6.23500             0.24403
             6.24500             0.24977
             6.25500             0.25416
             6.26500             0.25999
             6.27500             0.26594
             6.28500             0.27301
             6.29500             0.27913
             6.30500             0.28459
             6.31500             0.29287
             6.32500             0.30075
             6.33500             0.30639
             6.34500             0.31334
             6.35500             0.32139
             6.36500             0.32772
             6.37500             0.33150
             6.38500             0.33734
             6.39500             0.34345
             6.40500             0.35020
             6.41500             0.35622
             6.42500             0.36184
             6.43500             0.36323
             6.44500             0.36525
             6.45500             0.36924
             6.46500             0.37169
             6.47500             0.37088
             6.48500             0.36798
             6.49500             0.36567
             6.50500             0.36131
             6.51500             0.35807
             6.52500             0.35404
             6.53500             0.35283
             6.54500             0.34954
             6.55500             0.34876
             6.56500             0.34643
             6.57500             0.34461
             6.58500             0.33943
             6.59500             0.33730
             6.60500             0.33327
             6.61500             0.33105
             6.62500             0.32398
             6.63500             0.32023
             6.64500             0.31544
             6.65500             0.30989
             6.66500             0.30335
             6.67500             0.29697
             6.68500             0.29088
             6.69500             0.28259
             6.70500             0.27529
             6.71500             0.26907
             6.72500             0.26277
             6.73500             0.25587
             6.74500             0.24869
             6.75500             0.24275
             6.76500             0.23489
             6.77500             0.22784
             6.78500             0.22027
             6.79500             0.21378
             6.80500             0.20685
             6.81500             0.19948
             6.82500             0.19279
             6.83500             0.18606
             6.84500             0.17967
             6.85500             0.17185
             6.86500             0.16590
             6.87500             0.15847
             6.88500             0.15203
             6.89500             0.14511
             6.90500             0.13833
             6.91500             0.13114
             6.92500             0.12512
             6.93500             0.11783
             6.94500             0.11254
             6.95500             0.10637
             6.96500             0.09951
             6.97500             0.09384
             6.98500             0.08824
             6.99500             0.08230
             7.00500             0.07749
             7.01500             0.07235
             7.02500             0.06814
             7.03500             0.06441
             7.04500             0.06116
             7.05500             0.05797
             7.06500             0.05506
             7.07500             0.05226
             7.08500             0.04964
             7.09500             0.04721
             7.10500             0.04488
             7.11500             0.04264
             7.12500             0.04050
             7.13500             0.03846
             7.14500             0.03651
             7.15500             0.03465
             7.16500             0.03288
             7.17500             0.03119
             7.18500             0.02959
             7.19500             0.02806
             7.20500             0.02661
             7.21500             0.02523
             7.22500             0.02393
             7.23500             0.02268
             7.24500             0.02151
             7.25500             0.02039
             7.26500             0.01933
             7.27500             0.01833
             7.28500             0.01738
             7.29500             0.01647
             7.30500             0.01562
             7.31500             0.01481
             7.32500             0.01404
             7.33500             0.01331
             7.34500             0.01262
             7.35500             0.01197
             7.36500             0.01135
             7.37500             0.01076
             7.38500             0.01020
             7.39500             0.00967
             7.40500             0.00917
             7.41500             0.00870
             7.42500             0.00825
             7.43500             0.00782
             7.44500             0.00742
             7.45500             0.00703
             7.46500             0.00667
             7.47500             0.00632
             7.48500             0.00600
             7.49500             0.00569
             7.50500             0.00539
             7.51500             0.00511
             7.52500             0.00485
             7.53500             0.00460
             7.54500             0.00436
             7.55500             0.00413
             7.56500             0.00392
             7.57500             0.00372
             7.58500             0.00353
             7.59500             0.00335
             7.60500             0.00317
             7.61500             0.00301
             7.62500             0.00286
             7.63500             0.00271
             7.64500             0.00257
             7.65500             0.00244
             7.66500             0.00232
             7.67500             0.00220
             7.68500             0.00209
             7.69500             0.00199
             7.70500             0.00189
             7.71500             0.00180
             7.72500             0.00172
             7.73500             0.00163
             7.74500             0.00156
             7.75500             0.00149
             7.76500             0.00142
             7.77500             0.00136
             7.78500             0.00130
             7.79500             0.00125
             7.80500             0.00120
             7.81500             0.00115
             7.82500             0.00111
             7.83500             0.00107
             7.84500             0.00104
             7.85500             0.00100
             7.86500             0.00098
             7.87500             0.00095
             7.88500             0.00093
             7.89500             0.00091
             7.90500             0.00090
             7.91500             0.00089
             7.92500             0.00088
             7.93500             0.00088
             7.94500             0.00088
             7.95500             0.00088
             7.96500             0.00089
             7.97500             0.00091
             7.98500             0.00093
             7.99500             0.00096
             8.00500             0.00099
