  0.00000000     0.00000     0.00000     0.00000     3.75825     3.75825     7.07980
  0.00583182     0.05874     0.06350     0.10919     3.75874     3.75964     7.07959
  0.01166364     0.11745     0.12696     0.21834     3.76023     3.76380     7.07898
  0.01749546     0.17611     0.19037     0.32740     3.76270     3.77070     7.07795
  0.02332728     0.23469     0.25368     0.43634     3.76615     3.78033     7.07651
  0.02915910     0.29317     0.31687     0.54511     3.77057     3.79261     7.07466
  0.03499093     0.35151     0.37992     0.65367     3.77595     3.80750     7.07239
  0.04082275     0.40969     0.44278     0.76198     3.78227     3.82492     7.06971
  0.04665457     0.46769     0.50543     0.86999     3.78952     3.84477     7.06660
  0.05248639     0.52549     0.56784     0.97768     3.79769     3.86698     7.06308
  0.05831821     0.58306     0.62999     1.08499     3.80675     3.89143     7.05913
  0.06415003     0.64038     0.69184     1.19189     3.81669     3.91802     7.05475
  0.06998185     0.69744     0.75336     1.29835     3.82747     3.94662     7.04995
  0.07581367     0.75420     0.81454     1.40431     3.83909     3.97712     7.04471
  0.08164549     0.81067     0.87533     1.50975     3.85150     4.00939     7.03904
  0.08747731     0.86681     0.93572     1.61463     3.86470     4.04331     7.03293
  0.09330913     0.92262     0.99568     1.71892     3.87865     4.07875     7.02637
  0.09914096     0.97809     1.05519     1.82257     3.89332     4.11558     7.01938
  0.10497278     1.03319     1.11421     1.92556     3.90870     4.15368     7.01195
  0.11080460     1.08793     1.17273     2.02784     3.92475     4.19292     7.00406
  0.11663642     1.14228     1.23073     2.12940     3.94145     4.23319     6.99574
  0.12246824     1.19625     1.28818     2.23020     3.95878     4.27436     6.98697
  0.12830006     1.24983     1.34507     2.33021     3.97671     4.31633     6.97775
  0.13413188     1.30301     1.40138     2.42940     3.99521     4.35898     6.96809
  0.13996370     1.35579     1.45708     2.52775     4.01425     4.40222     6.95799
  0.14579552     1.40817     1.51217     2.62522     4.03383     4.44594     6.94744
  0.15162734     1.46014     1.56662     2.72179     4.05391     4.49005     6.93646
  0.15745916     1.51170     1.62042     2.81744     4.07446     4.53448     6.92505
  0.16329099     1.56286     1.67357     2.91214     4.09547     4.57913     6.91320
  0.16912281     1.61360     1.72605     3.00587     4.11692     4.62394     6.90093
  0.17495463     1.66394     1.77785     3.09862     4.13879     4.66883     6.88825
  0.18078645     1.71388     1.82896     3.19035     4.16104     4.71376     6.87514
  0.18661827     1.76341     1.87938     3.28105     4.18367     4.75865     6.86164
  0.19245009     1.81253     1.92910     3.37070     4.20665     4.80346     6.84773
  0.19828191     1.86126     1.97812     3.45929     4.22997     4.84815     6.83343
  0.20411373     1.90959     2.02643     3.54680     4.25359     4.89267     6.81875
  0.20994555     1.95751     2.07402     3.63320     4.27751     4.93699     6.80370
  0.21577737     2.00504     2.12092     3.71849     4.30171     4.98109     6.78828
  0.22160919     2.05218     2.16710     3.80265     4.32615     5.02493     6.77251
  0.22744102     2.09891     2.21257     3.88567     4.35083     5.06850     6.75638
  0.23327284     2.14525     2.25734     3.96754     4.37572     5.11177     6.73993
  0.23910466     2.19118     2.30141     4.04824     4.40080     5.15474     6.72314
  0.24493648     2.23672     2.34478     4.12775     4.42605     5.19739     6.70604
  0.25076830     2.28185     2.38746     4.20608     4.45145     5.23971     6.68863
  0.25660012     2.32657     2.42945     4.28320     4.47697     5.28171     6.67093
  0.26243194     2.37087     2.47076     4.35911     4.50260     5.32336     6.65293
  0.26826376     2.41476     2.51139     4.43380     4.52830     5.36468     6.63466
  0.27409558     2.45823     2.55136     4.50725     4.55406     5.40566     6.61613
  0.27992740     2.50126     2.59067     4.57945     4.57984     5.44631     6.59733
  0.28575922     2.54386     2.62932     4.60562     4.65041     5.48661     6.57828
  0.29159105     2.58601     2.66733     4.63139     4.72009     5.52659     6.55900
  0.29742287     2.62770     2.70469     4.65710     4.78851     5.56622     6.53948
  0.30325469     2.66893     2.74143     4.68273     4.85563     5.60553     6.51974
  0.30908651     2.70968     2.77753     4.70825     4.92147     5.64451     6.49979
  0.31491833     2.74995     2.81302     4.73364     4.98600     5.68315     6.47963
  0.32075015     2.78972     2.84789     4.75887     5.04922     5.72147     6.45928
  0.32658197     2.82898     2.88215     4.78391     5.11111     5.75945     6.43875
  0.33241379     2.86773     2.91581     4.80873     5.17167     5.79711     6.41803
  0.33824561     2.90594     2.94886     4.83329     5.23089     5.83442     6.39715
  0.34407743     2.94361     2.98131     4.85758     5.28875     5.87139     6.37612
  0.34990925     2.98072     3.01316     4.88157     5.34524     5.90801     6.35494
  0.35574107     3.01727     3.04441     4.90522     5.40036     5.94427     6.33363
  0.36157290     3.05323     3.07507     4.92851     5.45410     5.98016     6.31219
  0.36740472     3.08861     3.10512     4.95141     5.50644     6.01567     6.29065
  0.37323654     3.12337     3.13457     4.97390     5.55738     6.05077     6.26902
  0.37906836     3.15753     3.16340     4.99595     5.60690     6.08546     6.24731
  0.38490018     3.19105     3.19163     5.01753     5.65501     6.11971     6.22554
  0.39073200     3.21923     3.22393     5.03863     5.70168     6.15351     6.20373
  0.39656382     3.24621     3.25615     5.05922     5.74692     6.18191     6.18682
  0.40239564     3.27254     3.28771     5.07928     5.79071     6.16008     6.21961
  0.40822746     3.29823     3.31858     5.09879     5.83306     6.13829     6.25187
  0.41405928     3.32326     3.34876     5.11774     5.87396     6.11655     6.28355
  0.41989110     3.34762     3.37824     5.13610     5.91340     6.09490     6.31463
  0.42572293     3.37130     3.40698     5.15386     5.95138     6.07336     6.34506
  0.43155475     3.39428     3.43499     5.17101     5.98791     6.05198     6.37481
  0.43738657     3.41654     3.46223     5.18753     6.02297     6.03079     6.40384
  0.44321839     3.43808     3.48870     5.20341     6.00983     6.05658     6.43210
  0.44905021     3.45887     3.51438     5.21865     5.98914     6.08873     6.45957
  0.45488203     3.47890     3.53923     5.23322     5.96877     6.11943     6.48618
  0.46071385     3.49815     3.56325     5.24714     5.94877     6.14867     6.51191
  0.46654567     3.51661     3.58641     5.26038     5.92919     6.17646     6.53670
  0.47237749     3.53425     3.60867     5.27295     5.91008     6.20281     6.56052
  0.47820931     3.55106     3.63002     5.28484     5.89150     6.22771     6.58333
  0.48404113     3.56703     3.65042     5.29604     5.87351     6.25117     6.60507
  0.48987296     3.58213     3.66985     5.30656     5.85617     6.27320     6.62571
  0.49570478     3.59634     3.68826     5.31640     5.83955     6.29379     6.64522
  0.50153660     3.60966     3.70562     5.32555     5.82369     6.31295     6.66355
  0.50736842     3.62206     3.72190     5.33402     5.80868     6.33069     6.68067
  0.51320024     3.63353     3.73706     5.34180     5.79457     6.34699     6.69655
  0.51903206     3.64406     3.75107     5.34889     5.78142     6.36188     6.71116
  0.52486388     3.65362     3.76388     5.35530     5.76931     6.37534     6.72446
  0.53069570     3.66222     3.77546     5.36103     5.75828     6.38738     6.73644
  0.53652752     3.66983     3.78578     5.36609     5.74840     6.39800     6.74706
  0.54235934     3.67645     3.79480     5.37046     5.73972     6.40721     6.75631
  0.54819116     3.68207     3.80248     5.37416     5.73229     6.41500     6.76417
  0.55402299     3.68668     3.80881     5.37718     5.72615     6.42137     6.77062
  0.55985481     3.69027     3.81376     5.37953     5.72133     6.42632     6.77565
  0.56568663     3.69284     3.81731     5.38121     5.71787     6.42986     6.77925
  0.57151845     3.69438     3.81945     5.38221     5.71578     6.43198     6.78141
  0.57735027     3.69489     3.82016     5.38255     5.71509     6.43269     6.78213
  0.57735027     3.69489     3.82016     5.38255     5.71509     6.43269     6.78213
  0.58071727     3.69522     3.82029     5.38266     5.71500     6.43262     6.78207
  0.58408428     3.69619     3.82068     5.38301     5.71475     6.43240     6.78187
  0.58745128     3.69780     3.82134     5.38358     5.71433     6.43204     6.78155
  0.59081828     3.70006     3.82226     5.38438     5.71374     6.43153     6.78109
  0.59418529     3.70296     3.82344     5.38540     5.71298     6.43087     6.78051
  0.59755229     3.70650     3.82488     5.38665     5.71206     6.43007     6.77980
  0.60091929     3.71067     3.82658     5.38812     5.71096     6.42913     6.77895
  0.60428630     3.71547     3.82853     5.38981     5.70969     6.42803     6.77798
  0.60765330     3.72090     3.83075     5.39172     5.70826     6.42678     6.77688
  0.61102030     3.72695     3.83322     5.39385     5.70665     6.42538     6.77565
  0.61438731     3.73360     3.83595     5.39618     5.70487     6.42383     6.77430
  0.61775431     3.74087     3.83893     5.39872     5.70291     6.42212     6.77282
  0.62112131     3.74873     3.84217     5.40147     5.70079     6.42026     6.77121
  0.62448832     3.75718     3.84565     5.40441     5.69849     6.41824     6.76947
  0.62785532     3.76622     3.84938     5.40755     5.69601     6.41606     6.76762
  0.63122232     3.77583     3.85336     5.41088     5.69336     6.41372     6.76563
  0.63458933     3.78600     3.85758     5.41439     5.69054     6.41121     6.76353
  0.63795633     3.79673     3.86205     5.41808     5.68753     6.40854     6.76130
  0.64132333     3.80800     3.86676     5.42194     5.68435     6.40570     6.75895
  0.64469034     3.81980     3.87170     5.42597     5.68098     6.40269     6.75648
  0.64805734     3.83213     3.87688     5.43016     5.67744     6.39950     6.75389
  0.65142434     3.84496     3.88229     5.43451     5.67371     6.39614     6.75118
  0.65479135     3.85830     3.88793     5.43900     5.66980     6.39259     6.74836
  0.65815835     3.87213     3.89380     5.44363     5.66571     6.38887     6.74542
  0.66152535     3.88644     3.89990     5.44840     5.66143     6.38496     6.74237
  0.66489236     3.90121     3.90622     5.45329     5.65696     6.38087     6.73921
  0.66825936     3.91275     3.91643     5.45830     5.65230     6.37659     6.73594
  0.67162636     3.91951     3.93210     5.46342     5.64746     6.37212     6.73256
  0.67499337     3.92648     3.94819     5.46865     5.64243     6.36745     6.72908
  0.67836037     3.93366     3.96470     5.47397     5.63720     6.36258     6.72550
  0.68172737     3.94105     3.98162     5.47938     5.63178     6.35752     6.72181
  0.68509438     3.94865     3.99893     5.48486     5.62617     6.35226     6.71803
  0.68846138     3.95646     4.01662     5.49042     5.62037     6.34679     6.71416
  0.69182838     3.96446     4.03468     5.49604     5.61437     6.34112     6.71019
  0.69519539     3.97266     4.05310     5.50171     5.60817     6.33524     6.70614
  0.69856239     3.98106     4.07186     5.50743     5.60178     6.32915     6.70200
  0.70192939     3.98965     4.09096     5.51319     5.59519     6.32284     6.69777
  0.70529640     3.99843     4.11038     5.51897     5.58840     6.31633     6.69347
  0.70866340     4.00741     4.13010     5.52477     5.58141     6.30960     6.68910
  0.71203040     4.01656     4.15013     5.53058     5.57422     6.30265     6.68466
  0.71539741     4.02590     4.17045     5.53640     5.56683     6.29548     6.68015
  0.71876441     4.03543     4.19104     5.54220     5.55923     6.28810     6.67558
  0.72213141     4.04513     4.21189     5.54800     5.55144     6.28049     6.67095
  0.72549842     4.05501     4.23301     5.54344     5.55376     6.27267     6.66627
  0.72886542     4.06506     4.25436     5.53524     5.55949     6.26462     6.66154
  0.73223242     4.07529     4.27596     5.52684     5.56518     6.25635     6.65677
  0.73559943     4.08568     4.29777     5.51824     5.57082     6.24785     6.65197
  0.73896643     4.09625     4.31980     5.50943     5.57640     6.23914     6.64713
  0.74233343     4.10698     4.34204     5.50042     5.58191     6.23020     6.64227
  0.74570044     4.11787     4.36447     5.49121     5.58734     6.22103     6.63739
  0.74906744     4.12893     4.38709     5.48179     5.59269     6.21165     6.63249
  0.75243444     4.14015     4.40988     5.47217     5.59794     6.20204     6.62759
  0.75580145     4.15153     4.43284     5.46235     5.60309     6.19222     6.62268
  0.75916845     4.16307     4.45596     5.45234     5.60813     6.18217     6.61779
  0.76253545     4.17477     4.47924     5.44212     5.61305     6.17190     6.61290
  0.76590246     4.18661     4.50265     5.43170     5.61783     6.16142     6.60803
  0.76926946     4.19862     4.52619     5.42108     5.62249     6.15072     6.60319
  0.77263646     4.21077     4.54986     5.41027     5.62700     6.13981     6.59838
  0.77600347     4.22307     4.57365     5.39925     5.63135     6.12868     6.59361
  0.77937047     4.23553     4.59754     5.38805     5.63555     6.11734     6.58888
  0.78273747     4.24813     4.62154     5.37665     5.63958     6.10580     6.58421
  0.78610448     4.26087     4.64563     5.36506     5.64344     6.09406     6.57960
  0.78947148     4.27377     4.66980     5.35327     5.64711     6.08211     6.57506
  0.79283848     4.28680     4.69404     5.34130     5.65060     6.06996     6.57058
  0.79620549     4.29998     4.71836     5.32914     5.65389     6.05762     6.56619
  0.79957249     4.31330     4.74273     5.31680     5.65697     6.04508     6.56189
  0.80293949     4.32676     4.76716     5.30427     5.65986     6.03236     6.55768
  0.80630650     4.34035     4.79163     5.29156     5.66252     6.01945     6.55358
  0.80967350     4.35409     4.81614     5.27867     5.66497     6.00636     6.54957
  0.81304050     4.36796     4.84067     5.26560     5.66720     5.99310     6.54568
  0.81640751     4.38196     4.86522     5.25236     5.66919     5.97966     6.54191
  0.81977451     4.39610     4.88978     5.23894     5.67096     5.96606     6.53826
  0.82314151     4.41037     4.91434     5.22536     5.67248     5.95229     6.53474
  0.82650852     4.42477     4.93888     5.21160     5.67377     5.93838     6.53136
  0.82987552     4.43929     4.96341     5.19769     5.67481     5.92431     6.52811
  0.83324252     4.45395     4.98791     5.18361     5.67560     5.91010     6.52499
  0.83660953     4.46873     5.01237     5.16937     5.67615     5.89576     6.52203
  0.83997653     4.48364     5.03677     5.15497     5.67644     5.88128     6.51921
  0.84334353     4.49866     5.06111     5.14042     5.67648     5.86669     6.51654
  0.84671054     4.51381     5.08536     5.12572     5.67627     5.85199     6.51402
  0.85007754     4.52908     5.10952     5.11087     5.67580     5.83720     6.51165
  0.85344454     4.54446     5.09587     5.13356     5.67508     5.82232     6.50943
  0.85681155     4.55996     5.08073     5.15748     5.67411     5.80737     6.50737
  0.86017855     4.57557     5.06546     5.18123     5.67289     5.79237     6.50546
  0.86354555     4.59130     5.05004     5.20480     5.67141     5.77734     6.50370
  0.86691256     4.60713     5.03450     5.22816     5.66969     5.76231     6.50209
  0.87027956     4.62306     5.01882     5.25125     5.66772     5.74731     6.50063
  0.87364656     4.63911     5.00302     5.27405     5.66550     5.73239     6.49931
  0.87701357     4.65525     4.98709     5.29647     5.66304     5.71760     6.49813
  0.88038057     4.67149     4.97104     5.31844     5.66035     5.70303     6.49709
  0.88374757     4.68783     4.95488     5.33984     5.65742     5.68878     6.49619
  0.88711458     4.70427     4.93860     5.36051     5.65426     5.67500     6.49541
  0.89048158     4.72079     4.92221     5.38022     5.65087     5.66192     6.49476
  0.89384858     4.73740     4.90571     5.39866     5.64726     5.64986     6.49422
  0.89721559     4.75410     4.88910     5.41535     5.63926     5.64343     6.49380
  0.90058259     4.77088     4.87239     5.42964     5.63078     5.63938     6.49348
  0.90394959     4.78774     4.85558     5.44072     5.62522     5.63513     6.49326
  0.90731660     4.80467     4.83868     5.44772     5.62345     5.63066     6.49314
  0.91068360     4.82168     4.82168     5.45009     5.62600     5.62600     6.49310
  0.91068360     4.82168     4.82168     5.45009     5.62600     5.62600     6.49310
  0.91741761     4.78742     4.85591     5.44165     5.61609     5.64332     6.49324
  0.92415161     4.75281     4.89038     5.42078     5.60542     5.67175     6.49363
  0.93088562     4.71788     4.92508     5.39313     5.59404     5.70554     6.49421
  0.93761963     4.68265     4.95997     5.36182     5.58196     5.74152     6.49489
  0.94435363     4.64713     4.99502     5.32833     5.56923     5.77811     6.49562
  0.95108764     4.61135     5.03021     5.29338     5.55586     5.81452     6.49631
  0.95782165     4.57532     5.06551     5.25737     5.54188     5.85027     6.49690
  0.96455565     4.53905     5.10088     5.22050     5.52731     5.88505     6.49731
  0.97128966     4.50256     5.13629     5.18289     5.51215     5.91867     6.49746
  0.97802367     4.46585     5.14463     5.17172     5.49644     5.95095     6.49729
  0.98475767     4.42894     5.10576     5.20714     5.48017     5.98178     6.49670
  0.99149168     4.39184     5.06630     5.24251     5.46334     6.01104     6.49563
  0.99822569     4.35456     5.02625     5.27781     5.44598     6.03864     6.49399
  1.00495969     4.31709     4.98564     5.31301     5.42807     6.06450     6.49172
  1.01169370     4.27945     4.94444     5.34808     5.40963     6.08854     6.48874
  1.01842771     4.24163     4.90267     5.38301     5.39064     6.11070     6.48497
  1.02516171     4.20364     4.86031     5.37110     5.41776     6.13093     6.48033
  1.03189572     4.16548     4.81734     5.35102     5.45232     6.14918     6.47475
  1.03862973     4.12715     4.77377     5.33039     5.48667     6.16539     6.46816
  1.04536373     4.08865     4.72958     5.30921     5.52078     6.17954     6.46049
  1.05209774     4.04998     4.68476     5.28747     5.55465     6.19160     6.45166
  1.05883175     4.01112     4.63931     5.26518     5.58825     6.20154     6.44160
  1.06556575     3.97209     4.59323     5.24232     5.62157     6.20934     6.43025
  1.07229976     3.93288     4.54649     5.21890     5.65461     6.21501     6.41755
  1.07903377     3.89347     4.49912     5.19491     5.68736     6.21853     6.40342
  1.08576777     3.85387     4.45111     5.17037     5.71980     6.21991     6.38782
  1.09250178     3.81408     4.40245     5.14527     5.75193     6.21916     6.37067
  1.09923579     3.77408     4.35317     5.11961     5.78376     6.21629     6.35193
  1.10596979     3.73388     4.30328     5.09340     5.81526     6.21133     6.33155
  1.11270380     3.69346     4.25277     5.06664     5.84645     6.20430     6.30947
  1.11943781     3.65282     4.20168     5.03935     5.87733     6.19524     6.28566
  1.12617181     3.61196     4.15002     5.01152     5.90789     6.18417     6.26006
  1.13290582     3.57087     4.09781     4.98318     5.93814     6.17116     6.23266
  1.13963983     3.52954     4.04508     4.95432     5.96809     6.15623     6.20341
  1.14637383     3.48798     3.99186     4.92497     5.99772     6.13944     6.17228
  1.15310784     3.44617     3.93817     4.89512     6.02706     6.12085     6.13926
  1.15984185     3.40411     3.88405     4.86479     6.05610     6.10051     6.10433
  1.16657585     3.36180     3.82952     4.83398     6.06748     6.07847     6.08485
  1.17330986     3.31923     3.77463     4.80272     6.02869     6.05481     6.11331
  1.18004387     3.27640     3.71940     4.77099     5.98798     6.02957     6.14149
  1.18677787     3.23330     3.66387     4.73882     5.94534     6.00282     6.16938
  1.19351188     3.18992     3.60808     4.70619     5.90079     5.97463     6.19700
  1.20024589     3.14627     3.55206     4.67311     5.85434     5.94506     6.22435
  1.20697989     3.10232     3.49583     4.63958     5.80604     5.91416     6.25142
  1.21371390     3.05809     3.43944     4.60558     5.75591     5.88201     6.27823
  1.22044791     3.01356     3.38291     4.57108     5.70399     5.84865     6.30475
  1.22718191     2.96872     3.32626     4.53608     5.65035     5.81415     6.33101
  1.23391592     2.92357     3.26952     4.50053     5.59506     5.77857     6.35698
  1.24064993     2.87810     3.21271     4.46439     5.53818     5.74195     6.38268
  1.24738393     2.83230     3.15584     4.42761     5.47983     5.70434     6.40808
  1.25411794     2.78616     3.09893     4.39010     5.42010     5.66580     6.43320
  1.26085195     2.73967     3.04199     4.35179     5.35913     5.62637     6.45801
  1.26758595     2.69282     2.98501     4.31256     5.29706     5.58609     6.48251
  1.27431996     2.64560     2.92800     4.27229     5.23407     5.54500     6.50668
  1.28105397     2.59799     2.87094     4.23083     5.17035     5.50313     6.53053
  1.28778797     2.54999     2.81384     4.18800     5.10613     5.46053     6.55403
  1.29452198     2.50158     2.75668     4.14359     5.04166     5.41722     6.57717
  1.30125599     2.45275     2.69943     4.09738     4.97721     5.37323     6.59994
  1.30798999     2.40348     2.64207     4.04910     4.91309     5.32860     6.62233
  1.31472400     2.35375     2.58459     3.99848     4.84962     5.28334     6.64431
  1.32145801     2.30357     2.52694     3.94524     4.78714     5.23748     6.66588
  1.32819201     2.25290     2.46909     3.88908     4.72599     5.19106     6.68701
  1.33492602     2.20174     2.41101     3.82974     4.66648     5.14409     6.70770
  1.34166003     2.15006     2.35267     3.76699     4.60891     5.09661     6.72792
  1.34839403     2.09787     2.29402     3.70062     4.55351     5.04864     6.74766
  1.35512804     2.04514     2.23503     3.63053     4.50048     5.00023     6.76691
  1.36186205     1.99185     2.17565     3.55664     4.44991     4.95140     6.78565
  1.36859605     1.93801     2.11584     3.47898     4.40185     4.90219     6.80387
  1.37533006     1.88359     2.05558     3.39762     4.35630     4.85266     6.82156
  1.38206407     1.82858     1.99483     3.31268     4.31318     4.80285     6.83869
  1.38879807     1.77298     1.93354     3.22433     4.27239     4.75282     6.85527
  1.39553208     1.71679     1.87170     3.13275     4.23382     4.70263     6.87129
  1.40226609     1.65998     1.80928     3.03813     4.19734     4.65236     6.88672
  1.40900009     1.60257     1.74625     2.94068     4.16281     4.60208     6.90157
  1.41573410     1.54454     1.68260     2.84059     4.13012     4.55190     6.91583
  1.42246811     1.48590     1.61831     2.73805     4.09914     4.50190     6.92949
  1.42920211     1.42664     1.55338     2.63324     4.06977     4.45220     6.94255
  1.43593612     1.36678     1.48781     2.52631     4.04194     4.40292     6.95500
  1.44267013     1.30632     1.42159     2.41743     4.01557     4.35418     6.96685
  1.44940413     1.24526     1.35473     2.30674     3.99059     4.30613     6.97809
  1.45613814     1.18362     1.28725     2.19436     3.96696     4.25892     6.98872
  1.46287215     1.12141     1.21917     2.08043     3.94464     4.21271     6.99875
  1.46960615     1.05864     1.15051     1.96506     3.92360     4.16767     7.00817
  1.47634016     0.99534     1.08128     1.84836     3.90383     4.12399     7.01698
  1.48307417     0.93152     1.01153     1.73043     3.88530     4.08184     7.02520
  1.48980817     0.86721     0.94129     1.61137     3.86801     4.04142     7.03283
  1.49654218     0.80242     0.87058     1.49128     3.85196     4.00293     7.03986
  1.50327619     0.73720     0.79945     1.37024     3.83715     3.96656     7.04631
  1.51001019     0.67156     0.72794     1.24834     3.82358     3.93252     7.05217
  1.51674420     0.60554     0.65609     1.12567     3.81127     3.90100     7.05746
  1.52347821     0.53917     0.58393     1.00231     3.80021     3.87220     7.06218
  1.53021221     0.47248     0.51150     0.87834     3.79043     3.84629     7.06633
  1.53694622     0.40551     0.43884     0.75384     3.78193     3.82345     7.06991
  1.54368023     0.33830     0.36598     0.62889     3.77471     3.80384     7.07294
  1.55041423     0.27089     0.29297     0.50356     3.76880     3.78759     7.07541
  1.55714824     0.20331     0.21984     0.37793     3.76419     3.77483     7.07733
  1.56388225     0.13561     0.14661     0.25208     3.76089     3.76564     7.07870
  1.57061625     0.06783     0.07332     0.12608     3.75891     3.76010     7.07952
  1.57735026     0.00000     0.00000     0.00000     3.75825     3.75825     7.07980
  1.57735026     0.00000     0.00000     0.00000     3.75825     3.75825     7.07980
  1.58046194     0.03363     0.03363     0.05609     3.75816     3.75816     7.07958
  1.58357362     0.06725     0.06725     0.11219     3.75788     3.75788     7.07894
  1.58668530     0.10087     0.10087     0.16829     3.75742     3.75742     7.07787
  1.58979698     0.13448     0.13448     0.22439     3.75678     3.75678     7.07638
  1.59290866     0.16807     0.16807     0.28050     3.75596     3.75596     7.07446
  1.59602034     0.20164     0.20164     0.33662     3.75496     3.75496     7.07211
  1.59913203     0.23519     0.23519     0.39274     3.75377     3.75377     7.06934
  1.60224371     0.26871     0.26871     0.44887     3.75240     3.75240     7.06615
  1.60535539     0.30221     0.30221     0.50501     3.75084     3.75084     7.06253
  1.60846707     0.33566     0.33566     0.56116     3.74910     3.74910     7.05849
  1.61157875     0.36909     0.36909     0.61732     3.74718     3.74718     7.05403
  1.61469043     0.40247     0.40247     0.67349     3.74507     3.74507     7.04915
  1.61780211     0.43580     0.43580     0.72967     3.74278     3.74278     7.04386
  1.62091379     0.46909     0.46909     0.78587     3.74031     3.74031     7.03814
  1.62402547     0.50232     0.50232     0.84207     3.73765     3.73765     7.03202
  1.62713715     0.53550     0.53550     0.89829     3.73481     3.73481     7.02548
  1.63024884     0.56862     0.56862     0.95452     3.73178     3.73178     7.01853
  1.63336052     0.60167     0.60167     1.01076     3.72857     3.72857     7.01117
  1.63647220     0.63466     0.63466     1.06701     3.72517     3.72517     7.00340
  1.63958388     0.66758     0.66758     1.12327     3.72159     3.72159     6.99523
  1.64269556     0.70042     0.70042     1.17954     3.71782     3.71782     6.98666
  1.64580724     0.73319     0.73319     1.23581     3.71386     3.71386     6.97769
  1.64891892     0.76588     0.76588     1.29209     3.70972     3.70972     6.96831
  1.65203060     0.79848     0.79848     1.34837     3.70539     3.70539     6.95855
  1.65514228     0.83099     0.83099     1.40465     3.70087     3.70087     6.94838
  1.65825396     0.86342     0.86342     1.46093     3.69616     3.69616     6.93783
  1.66136564     0.89575     0.89575     1.51721     3.69127     3.69127     6.92689
  1.66447733     0.92798     0.92798     1.57347     3.68619     3.68619     6.91556
  1.66758901     0.96011     0.96011     1.62972     3.68092     3.68092     6.90385
  1.67070069     0.99214     0.99214     1.68596     3.67546     3.67546     6.89175
  1.67381237     1.02406     1.02406     1.74218     3.66981     3.66981     6.87927
  1.67692405     1.05587     1.05587     1.79838     3.66397     3.66397     6.86642
  1.68003573     1.08757     1.08757     1.85455     3.65794     3.65794     6.85318
  1.68314741     1.11915     1.11915     1.91069     3.65172     3.65172     6.83958
  1.68625909     1.15061     1.15061     1.96679     3.64531     3.64531     6.82560
  1.68937077     1.18195     1.18195     2.02285     3.63870     3.63870     6.81125
  1.69248245     1.21317     1.21317     2.07886     3.63191     3.63191     6.79654
  1.69559414     1.24425     1.24425     2.13482     3.62492     3.62492     6.78145
  1.69870582     1.27521     1.27521     2.19072     3.61774     3.61774     6.76600
  1.70181750     1.30603     1.30603     2.24656     3.61036     3.61036     6.75019
  1.70492918     1.33672     1.33672     2.30232     3.60279     3.60279     6.73401
  1.70804086     1.36726     1.36726     2.35801     3.59502     3.59502     6.71748
  1.71115254     1.39767     1.39767     2.41361     3.58706     3.58706     6.70058
  1.71426422     1.42793     1.42793     2.46912     3.57891     3.57891     6.68332
  1.71737590     1.45804     1.45804     2.52454     3.57055     3.57055     6.66571
  1.72048758     1.48801     1.48801     2.57984     3.56200     3.56200     6.64774
  1.72359926     1.51782     1.51782     2.63504     3.55326     3.55326     6.62941
  1.72671094     1.54748     1.54748     2.69011     3.54431     3.54431     6.61073
  1.72982263     1.57698     1.57698     2.74506     3.53517     3.53517     6.59168
  1.73293431     1.60633     1.60633     2.79987     3.52583     3.52583     6.57229
  1.73604599     1.63551     1.63551     2.85454     3.51629     3.51629     6.55253
  1.73915767     1.66453     1.66453     2.90905     3.50655     3.50655     6.53243
  1.74226935     1.69339     1.69339     2.96341     3.49661     3.49661     6.51196
  1.74538103     1.72207     1.72207     3.01759     3.48647     3.48647     6.49114
  1.74849271     1.75059     1.75059     3.07160     3.47613     3.47613     6.46996
  1.75160439     1.77894     1.77894     3.12543     3.46558     3.46558     6.44842
  1.75471607     1.80711     1.80711     3.17906     3.45484     3.45484     6.42652
  1.75782775     1.83511     1.83511     3.23249     3.44389     3.44389     6.40426
  1.76093943     1.86293     1.86293     3.28570     3.43274     3.43274     6.38164
  1.76405112     1.89058     1.89058     3.33870     3.42138     3.42138     6.35866
  1.76716280     1.91804     1.91804     3.39148     3.40982     3.40982     6.33531
  1.77027448     1.94532     1.94532     3.39806     3.39806     3.44401     6.31160
  1.77338616     1.97241     1.97241     3.38609     3.38609     3.49631     6.28752
  1.77649784     1.99932     1.99932     3.37392     3.37392     3.54835     6.26307
  1.77960952     2.02605     2.02605     3.36153     3.36153     3.60013     6.23824
  1.78272120     2.05258     2.05258     3.34895     3.34895     3.65164     6.21305
  1.78583288     2.07893     2.07893     3.33615     3.33615     3.70287     6.18748
  1.78894456     2.10508     2.10508     3.32315     3.32315     3.75382     6.16153
  1.79205624     2.13105     2.13105     3.30994     3.30994     3.80448     6.13520
  1.79516793     2.15681     2.15681     3.29653     3.29653     3.85484     6.10848
  1.79827961     2.18239     2.18239     3.28290     3.28290     3.90489     6.08139
  1.80139129     2.20777     2.20777     3.26907     3.26907     3.95462     6.05390
  1.80450297     2.23294     2.23294     3.25503     3.25503     4.00403     6.02603
  1.80761465     2.25793     2.25793     3.24077     3.24077     4.05312     5.99776
  1.81072633     2.28271     2.28271     3.22631     3.22631     4.10186     5.96910
  1.81383801     2.30729     2.30729     3.21164     3.21164     4.15027     5.94004
  1.81694969     2.33167     2.33167     3.19675     3.19675     4.19832     5.91058
  1.82006137     2.35584     2.35584     3.18166     3.18166     4.24602     5.88071
  1.82317305     2.37982     2.37982     3.16635     3.16635     4.29335     5.85045
  1.82628473     2.40359     2.40359     3.15084     3.15084     4.34032     5.81977
  1.82939642     2.42715     2.42715     3.13511     3.13511     4.38692     5.78868
  1.83250810     2.45051     2.45051     3.11917     3.11917     4.43313     5.75718
  1.83561978     2.47366     2.47366     3.10301     3.10301     4.47896     5.72527
  1.83873146     2.49661     2.49661     3.08665     3.08665     4.52440     5.69294
  1.84184314     2.51934     2.51934     3.07007     3.07007     4.56945     5.66019
  1.84495482     2.54187     2.54187     3.05328     3.05328     4.61410     5.62702
  1.84806650     2.56419     2.56419     3.03627     3.03627     4.65835     5.59342
  1.85117818     2.58630     2.58630     3.01906     3.01906     4.70219     5.55940
  1.85428986     2.60820     2.60820     3.00162     3.00162     4.74563     5.52496
  1.85740154     2.62989     2.62989     2.98398     2.98398     4.78865     5.49008
  1.86051323     2.65137     2.65137     2.96612     2.96612     4.83125     5.45478
  1.86362491     2.67264     2.67264     2.94805     2.94805     4.87343     5.41905
  1.86673659     2.69369     2.69369     2.92977     2.92977     4.91520     5.38288
  1.86984827     2.71454     2.71454     2.91127     2.91127     4.95653     5.34629
  1.87295995     2.73517     2.73517     2.89255     2.89255     4.99745     5.30926
  1.87607163     2.75559     2.75559     2.87363     2.87363     5.03793     5.27179
  1.87918331     2.77579     2.77579     2.85449     2.85449     5.07799     5.23390
  1.88229499     2.79579     2.79579     2.83514     2.83514     5.11761     5.19557
  1.88540667     2.81557     2.81557     2.81557     2.81557     5.15681     5.15681
  1.88540667     2.81557     2.81557     2.81557     2.81557     5.15681     5.15681
  1.89214068     2.81616     2.81616     2.81675     2.81675     5.15726     5.15726
  1.89887469     2.81794     2.81794     2.82028     2.82028     5.15862     5.15862
  1.90560869     2.82090     2.82090     2.82615     2.82615     5.16088     5.16088
  1.91234270     2.82504     2.82504     2.83435     2.83435     5.16404     5.16404
  1.91907671     2.83037     2.83037     2.84486     2.84486     5.16809     5.16809
  1.92581071     2.83689     2.83689     2.85764     2.85764     5.17304     5.17304
  1.93254472     2.84460     2.84460     2.87268     2.87268     5.17887     5.17887
  1.93927873     2.85349     2.85349     2.88992     2.88992     5.18557     5.18557
  1.94601273     2.86356     2.86356     2.90932     2.90932     5.19315     5.19315
  1.95274674     2.87482     2.87482     2.93084     2.93084     5.20158     5.20158
  1.95948075     2.88726     2.88726     2.95441     2.95441     5.21087     5.21087
  1.96621475     2.90087     2.90087     2.97998     2.97998     5.22100     5.22100
  1.97294876     2.91564     2.91564     3.00748     3.00748     5.23197     5.23197
  1.97968277     2.93155     2.93155     3.03685     3.03685     5.24376     5.24376
  1.98641677     2.94859     2.94859     3.06800     3.06800     5.25636     5.25636
  1.99315078     2.96674     2.96674     3.10085     3.10085     5.26978     5.26978
  1.99988479     2.98598     2.98598     3.13533     3.13533     5.28399     5.28399
  2.00661879     3.00626     3.00626     3.17134     3.17134     5.29900     5.29900
  2.01335280     3.02757     3.02757     3.20880     3.20880     5.31480     5.31480
  2.02008681     3.04984     3.04984     3.24762     3.24762     5.33137     5.33137
  2.02682081     3.07305     3.07305     3.28769     3.28769     5.34872     5.34872
  2.03355482     3.09714     3.09714     3.32892     3.32892     5.36685     5.36685
  2.04028883     3.12206     3.12206     3.37121     3.37121     5.38574     5.38574
  2.04702283     3.14774     3.14774     3.41446     3.41446     5.40540     5.40540
  2.05375684     3.17411     3.17411     3.45857     3.45857     5.42582     5.42582
  2.06049085     3.20112     3.20112     3.50344     3.50344     5.44700     5.44700
  2.06722485     3.22868     3.22868     3.54896     3.54896     5.46894     5.46894
  2.07395886     3.25672     3.25672     3.59504     3.59504     5.49163     5.49163
  2.08069287     3.28515     3.28515     3.64158     3.64158     5.51507     5.51507
  2.08742687     3.31390     3.31390     3.68847     3.68847     5.53925     5.53925
  2.09416088     3.34288     3.34288     3.73564     3.73564     5.56418     5.56418
  2.10089489     3.37199     3.37199     3.78297     3.78297     5.58983     5.58983
  2.10762889     3.40116     3.40116     3.83040     3.83040     5.61619     5.61619
  2.11436290     3.43030     3.43030     3.87782     3.87782     5.64326     5.64326
  2.12109691     3.45931     3.45931     3.92517     3.92517     5.67101     5.67101
  2.12783091     3.48812     3.48812     3.97237     3.97237     5.69942     5.69942
  2.13456492     3.51664     3.51664     4.01935     4.01935     5.72845     5.72845
  2.14129893     3.54479     3.54479     4.06604     4.06604     5.75809     5.75809
  2.14803293     3.57250     3.57250     4.11240     4.11240     5.78828     5.78828
  2.15476694     3.59968     3.59968     4.15836     4.15836     5.81899     5.81899
  2.16150095     3.62628     3.62628     4.20389     4.20389     5.85017     5.85017
  2.16823495     3.65222     3.65222     4.24894     4.24894     5.88175     5.88175
  2.17496896     3.67746     3.67746     4.29349     4.29349     5.91368     5.91368
  2.18170297     3.70193     3.70193     4.33750     4.33750     5.94590     5.94590
  2.18843697     3.72559     3.72559     4.38096     4.38096     5.97833     5.97833
  2.19517098     3.74841     3.74841     4.42385     4.42385     6.01090     6.01090
  2.20190499     3.77035     3.77035     4.46616     4.46616     6.04352     6.04352
  2.20863899     3.79137     3.79137     4.50789     4.50789     6.07611     6.07611
  2.21537300     3.81147     3.81147     4.54903     4.54903     6.10859     6.10859
  2.22210701     3.83063     3.83063     4.58959     4.58959     6.14086     6.14086
  2.22884101     3.84883     3.84883     4.62957     4.62957     6.17284     6.17284
  2.23557502     3.86607     3.86607     4.66899     4.66899     6.20443     6.20443
  2.24230903     3.88236     3.88236     4.70786     4.70786     6.23554     6.23554
  2.24904303     3.89771     3.89771     4.74620     4.74620     6.26609     6.26609
  2.25577704     3.91211     3.91211     4.78401     4.78401     6.29598     6.29598
  2.26251105     3.92560     3.92560     4.82133     4.82133     6.32512     6.32512
  2.26924505     3.93818     3.93818     4.85816     4.85816     6.35344     6.35344
  2.27597906     3.94989     3.94989     4.89454     4.89454     6.38084     6.38084
  2.28271307     3.96074     3.96074     4.93047     4.93047     6.40726     6.40726
  2.28944707     3.97076     3.97076     4.96600     4.96600     6.43261     6.43261
  2.29618108     3.97998     3.97998     5.00113     5.00113     6.45683     6.45683
  2.30291509     3.98844     3.98844     5.03589     5.03589     6.47987     6.47987
  2.30964909     3.99616     3.99616     5.07030     5.07030     6.50164     6.50164
  2.31638310     4.00319     4.00319     5.10439     5.10439     6.52211     6.52211
  2.32311711     4.00954     4.00954     5.13816     5.13816     6.54123     6.54123
  2.32985111     4.01526     4.01526     5.17164     5.17164     6.55896     6.55896
  2.33658512     4.02038     4.02038     5.20484     5.20484     6.57526     6.57526
  2.34331913     4.02494     4.02494     5.23779     5.23779     6.59010     6.59010
  2.35005313     4.02896     4.02896     5.27048     5.27048     6.60345     6.60345
  2.35678714     4.03248     4.03248     5.30292     5.30292     6.61532     6.61532
  2.36352115     4.03554     4.03554     5.33513     5.33513     6.62568     6.62568
  2.37025515     4.03817     4.03817     5.36711     5.36711     6.63452     6.63452
  2.37698916     4.04040     4.04040     5.39886     5.39886     6.64187     6.64187
  2.38372317     4.04225     4.04225     5.43036     5.43036     6.64772     6.64772
  2.39045717     4.04376     4.04376     5.46162     5.46162     6.65209     6.65209
  2.39719118     4.04496     4.04496     5.49263     5.49263     6.65501     6.65501
  2.40392519     4.04587     4.04587     5.52336     5.52336     6.65650     6.65650
  2.41065919     4.04652     4.04652     5.55379     5.55379     6.65661     6.65661
  2.41739320     4.04694     4.04694     5.58390     5.58390     6.65537     6.65537
  2.42412721     4.04714     4.04714     5.61366     5.61366     6.65284     6.65284
  2.43086121     4.04716     4.04716     5.64302     5.64302     6.64907     6.64907
  2.43759522     4.04701     4.04701     5.67194     5.67194     6.64414     6.64414
  2.44432923     4.04673     4.04673     5.70037     5.70037     6.63812     6.63812
  2.45106323     4.04632     4.04632     5.72825     5.72825     6.63110     6.63110
  2.45779724     4.04580     4.04580     5.75550     5.75550     6.62317     6.62317
  2.46453125     4.04521     4.04521     5.78204     5.78204     6.61444     6.61444
  2.47126525     4.04455     4.04455     5.80777     5.80777     6.60504     6.60504
  2.47799926     4.04385     4.04385     5.83258     5.83258     6.59510     6.59510
  2.48473327     4.04312     4.04312     5.85634     5.85634     6.58478     6.58478
  2.49146727     4.04238     4.04238     5.87890     5.87890     6.57426     6.57426
  2.49820128     4.04165     4.04165     5.90008     5.90008     6.56374     6.56374
  2.50493529     4.04094     4.04094     5.91967     5.91967     6.55345     6.55345
  2.51166929     4.04028     4.04028     5.93747     5.93747     6.54364     6.54364
  2.51840330     4.03967     4.03967     5.95320     5.95320     6.53459     6.53459
  2.52513731     4.03913     4.03913     5.96661     5.96661     6.52659     6.52659
  2.53187131     4.03869     4.03869     5.97743     5.97743     6.51994     6.51994
  2.53860532     4.03835     4.03835     5.98539     5.98539     6.51492     6.51492
  2.54533933     4.03813     4.03813     5.99027     5.99027     6.51178     6.51178
  2.55207333     4.03806     4.03806     5.99192     5.99192     6.51071     6.51071
  2.55207333     4.03806     4.03806     5.99192     5.99192     6.51071     6.51071
  2.55518501     4.03821     4.03821     5.98408     5.99979     6.51058     6.51058
  2.55829669     4.03868     4.03868     5.97626     6.00768     6.51019     6.51019
  2.56140838     4.03945     4.03945     5.96846     6.01559     6.50953     6.50953
  2.56452006     4.04054     4.04054     5.96070     6.02352     6.50861     6.50861
  2.56763174     4.04193     4.04193     5.95295     6.03146     6.50743     6.50743
  2.57074342     4.04362     4.04362     5.94524     6.03942     6.50598     6.50598
  2.57385510     4.04562     4.04562     5.93756     6.04739     6.50427     6.50427
  2.57696678     4.04793     4.04793     5.92991     6.05537     6.50230     6.50230
  2.58007846     4.05053     4.05053     5.92229     6.06336     6.50006     6.50006
  2.58319014     4.05344     4.05344     5.91470     6.07135     6.49756     6.49756
  2.58630182     4.05664     4.05664     5.90715     6.07934     6.49479     6.49479
  2.58941350     4.06013     4.06013     5.89962     6.08734     6.49176     6.49176
  2.59252518     4.06391     4.06391     5.89213     6.09533     6.48847     6.48847
  2.59563687     4.06797     4.06797     5.88467     6.10331     6.48490     6.48490
  2.59874855     4.07232     4.07232     5.87724     6.11129     6.48107     6.48107
  2.60186023     4.07695     4.07695     5.86985     6.11925     6.47698     6.47698
  2.60497191     4.08184     4.08184     5.86249     6.12720     6.47261     6.47261
  2.60808359     4.08701     4.08701     5.85516     6.13513     6.46798     6.46798
  2.61119527     4.09245     4.09245     5.84786     6.14304     6.46308     6.46308
  2.61430695     4.09814     4.09814     5.84059     6.15092     6.45792     6.45792
  2.61741863     4.10409     4.10409     5.83336     6.15878     6.45248     6.45248
  2.62053031     4.11030     4.11030     5.82616     6.16660     6.44678     6.44678
  2.62364199     4.11674     4.11674     5.81899     6.17439     6.44081     6.44081
  2.62675368     4.12343     4.12343     5.81184     6.18214     6.43457     6.43457
  2.62986536     4.13035     4.13035     5.80473     6.18985     6.42806     6.42806
  2.63297704     4.13751     4.13751     5.79765     6.19751     6.42129     6.42129
  2.63608872     4.14489     4.14489     5.79060     6.20513     6.41424     6.41424
  2.63920040     4.15249     4.15249     5.78358     6.21269     6.40693     6.40693
  2.64231208     4.16030     4.16030     5.77659     6.22020     6.39936     6.39936
  2.64542376     4.16832     4.16832     5.76962     6.22765     6.39151     6.39151
  2.64853544     4.17654     4.17654     5.76269     6.23504     6.38341     6.38341
  2.65164712     4.18496     4.18496     5.75578     6.24236     6.37504     6.37504
  2.65475880     4.19358     4.19358     5.74890     6.24962     6.36640     6.36640
  2.65787048     4.20237     4.20237     5.74205     6.25680     6.35751     6.35751
  2.66098217     4.21135     4.21135     5.73523     6.26391     6.34836     6.34836
  2.66409385     4.22051     4.22051     5.72844     6.27093     6.33895     6.33895
  2.66720553     4.22983     4.22983     5.72167     6.27788     6.32928     6.32928
  2.67031721     4.23932     4.23932     5.71494     6.28475     6.31937     6.31937
  2.67342889     4.24896     4.24896     5.70824     6.29152     6.30920     6.30920
  2.67654057     4.25876     4.25876     5.70156     6.29821     6.29879     6.29879
  2.67965225     4.26871     4.26871     5.69492     6.28814     6.28814     6.30481
  2.68276393     4.27880     4.27880     5.68831     6.27724     6.27724     6.31131
  2.68587561     4.28902     4.28902     5.68174     6.26611     6.26611     6.31771
  2.68898729     4.29938     4.29938     5.67520     6.25475     6.25475     6.32401
  2.69209898     4.30986     4.30986     5.66869     6.24317     6.24317     6.33021
  2.69521066     4.32046     4.32046     5.66223     6.23136     6.23136     6.33631
  2.69832234     4.33118     4.33118     5.65580     6.21934     6.21934     6.34230
  2.70143402     4.34200     4.34200     5.64941     6.20711     6.20711     6.34819
  2.70454570     4.35294     4.35294     5.64307     6.19467     6.19467     6.35396
  2.70765738     4.36397     4.36397     5.63676     6.18203     6.18203     6.35962
  2.71076906     4.37509     4.37509     5.63051     6.16921     6.16921     6.36517
  2.71388074     4.38631     4.38631     5.62431     6.15620     6.15620     6.37060
  2.71699242     4.39760     4.39760     5.61815     6.14302     6.14302     6.37592
  2.72010410     4.40898     4.40898     5.61205     6.12967     6.12967     6.38113
  2.72321578     4.42042     4.42042     5.60601     6.11616     6.11616     6.38621
  2.72632747     4.43194     4.43194     5.60002     6.10251     6.10251     6.39117
  2.72943915     4.44351     4.44351     5.59410     6.08871     6.08871     6.39602
  2.73255083     4.45513     4.45513     5.58825     6.07479     6.07479     6.40074
  2.73566251     4.46681     4.46681     5.58246     6.06075     6.06075     6.40535
  2.73877419     4.47852     4.47852     5.57674     6.04660     6.04660     6.40983
  2.74188587     4.49027     4.49027     5.57110     6.03236     6.03236     6.41419
  2.74499755     4.50205     4.50205     5.56554     6.01804     6.01804     6.41843
  2.74810923     4.51384     4.51384     5.56007     6.00364     6.00365     6.42255
  2.75122091     4.52565     4.52565     5.55468     5.98920     5.98920     6.42654
  2.75433259     4.53746     4.53746     5.54938     5.97471     5.97471     6.43041
  2.75744428     4.54927     4.54927     5.54417     5.96020     5.96020     6.43416
  2.76055596     4.56106     4.56106     5.53906     5.94568     5.94568     6.43779
  2.76366764     4.57282     4.57282     5.53406     5.93116     5.93116     6.44130
  2.76677932     4.58455     4.58455     5.52916     5.91668     5.91668     6.44468
  2.76989100     4.59623     4.59623     5.52437     5.90223     5.90223     6.44795
  2.77300268     4.60786     4.60786     5.51969     5.88785     5.88785     6.45109
  2.77611436     4.61941     4.61941     5.51514     5.87356     5.87356     6.45411
  2.77922604     4.63087     4.63087     5.51070     5.85937     5.85937     6.45702
  2.78233772     4.64223     4.64223     5.50640     5.84531     5.84531     6.45980
  2.78544940     4.65347     4.65347     5.50222     5.83140     5.83140     6.46247
  2.78856108     4.66458     4.66458     5.49818     5.81767     5.81767     6.46502
  2.79167277     4.67552     4.67553     5.49427     5.80414     5.80414     6.46746
  2.79478445     4.68630     4.68630     5.49051     5.79084     5.79084     6.46978
  2.79789613     4.69687     4.69687     5.48690     5.77781     5.77781     6.47198
  2.80100781     4.70723     4.70723     5.48343     5.76506     5.76506     6.47407
  2.80411949     4.71733     4.71733     5.48012     5.75264     5.75264     6.47605
  2.80723117     4.72717     4.72717     5.47697     5.74058     5.74058     6.47792
  2.81034285     4.73670     4.73670     5.47398     5.72890     5.72890     6.47967
  2.81345453     4.74590     4.74590     5.47115     5.71766     5.71766     6.48131
  2.81656621     4.75474     4.75474     5.46848     5.70688     5.70688     6.48285
  2.81967789     4.76318     4.76318     5.46599     5.69660     5.69660     6.48427
  2.82278957     4.77119     4.77119     5.46367     5.68686     5.68686     6.48558
  2.82590126     4.77874     4.77874     5.46153     5.67771     5.67771     6.48679
  2.82901294     4.78579     4.78579     5.45956     5.66918     5.66918     6.48789
  2.83212462     4.79230     4.79230     5.45778     5.66131     5.66131     6.48888
  2.83523630     4.79824     4.79824     5.45617     5.65415     5.65415     6.48977
  2.83834798     4.80358     4.80358     5.45475     5.64772     5.64772     6.49055
  2.84145966     4.80828     4.80828     5.45352     5.64207     5.64207     6.49123
  2.84457134     4.81231     4.81231     5.45247     5.63723     5.63723     6.49180
  2.84768302     4.81565     4.81565     5.45161     5.63322     5.63322     6.49227
  2.85079470     4.81828     4.81828     5.45095     5.63008     5.63008     6.49263
  2.85390638     4.82016     4.82016     5.45047     5.62782     5.62782     6.49289
  2.85701807     4.82130     4.82130     5.45018     5.62646     5.62646     6.49305
  2.86012975     4.82168     4.82168     5.45009     5.62600     5.62600     6.49310
