     0.00000     0.00000     0.00000     0.00000
     0.00583     0.05874     0.06350     0.10919
     0.01166     0.11745     0.12696     0.21834
     0.01750     0.17611     0.19037     0.32740
     0.02333     0.23469     0.25368     0.43634
     0.02916     0.29317     0.31687     0.54511
     0.03499     0.35151     0.37992     0.65367
     0.04082     0.40969     0.44278     0.76198
     0.04665     0.46769     0.50543     0.86999
     0.05249     0.52549     0.56784     0.97768
     0.05832     0.58306     0.62999     1.08499
     0.06415     0.64038     0.69184     1.19189
     0.06998     0.69744     0.75336     1.29835
     0.07581     0.75420     0.81454     1.40431
     0.08165     0.81067     0.87533     1.50975
     0.08748     0.86681     0.93572     1.61463
     0.09331     0.92262     0.99568     1.71892
     0.09914     0.97809     1.05519     1.82257
     0.10497     1.03319     1.11421     1.92556
     0.11080     1.08793     1.17273     2.02784
     0.11664     1.14228     1.23073     2.12940
     0.12247     1.19625     1.28818     2.23020
     0.12830     1.24983     1.34507     2.33021
     0.13413     1.30301     1.40138     2.42940
     0.13996     1.35579     1.45708     2.52775
     0.14580     1.40817     1.51217     2.62522
     0.15163     1.46014     1.56662     2.72179
     0.15746     1.51170     1.62042     2.81744
     0.16329     1.56286     1.67357     2.91214
     0.16912     1.61360     1.72605     3.00587
     0.17495     1.66394     1.77785     3.09862
     0.18079     1.71388     1.82896     3.19035
     0.18662     1.76341     1.87938     3.28105
     0.19245     1.81253     1.92910     3.37070
     0.19828     1.86126     1.97812     3.45929
     0.20411     1.90959     2.02643     3.54680
     0.20995     1.95751     2.07402     3.63320
     0.21578     2.00504     2.12092     3.71849
     0.22161     2.05218     2.16710     3.80265
     0.22744     2.09891     2.21257     3.88567
     0.23327     2.14525     2.25734     3.96754
     0.23910     2.19118     2.30141     4.04824
     0.24494     2.23672     2.34478     4.12775
     0.25077     2.28185     2.38746     4.20608
     0.25660     2.32657     2.42945     4.28320
     0.26243     2.37087     2.47076     4.35911
     0.26826     2.41476     2.51139     4.43380
     0.27410     2.45823     2.55136     4.50725
     0.27993     2.50126     2.59067     4.57945
     0.28576     2.54386     2.62932     4.60562
     0.29159     2.58601     2.66733     4.63139
     0.29742     2.62770     2.70469     4.65710
     0.30325     2.66893     2.74143     4.68273
     0.30909     2.70968     2.77753     4.70825
     0.31492     2.74995     2.81302     4.73364
     0.32075     2.78972     2.84789     4.75887
     0.32658     2.82898     2.88215     4.78391
     0.33241     2.86773     2.91581     4.80873
     0.33825     2.90594     2.94886     4.83329
     0.34408     2.94361     2.98131     4.85758
     0.34991     2.98072     3.01316     4.88157
     0.35574     3.01727     3.04441     4.90522
     0.36157     3.05323     3.07507     4.92851
     0.36740     3.08861     3.10512     4.95141
     0.37324     3.12337     3.13457     4.97390
     0.37907     3.15753     3.16340     4.99595
     0.38490     3.19105     3.19163     5.01753
     0.39073     3.21923     3.22393     5.03863
     0.39656     3.24621     3.25615     5.05922
     0.40240     3.27254     3.28771     5.07928
     0.40823     3.29823     3.31858     5.09879
     0.41406     3.32326     3.34876     5.11774
     0.41989     3.34762     3.37824     5.13610
     0.42572     3.37130     3.40698     5.15386
     0.43155     3.39428     3.43499     5.17101
     0.43739     3.41654     3.46223     5.18753
     0.44322     3.43808     3.48870     5.20341
     0.44905     3.45887     3.51438     5.21865
     0.45488     3.47890     3.53923     5.23322
     0.46071     3.49815     3.56325     5.24714
     0.46655     3.51661     3.58641     5.26038
     0.47238     3.53425     3.60867     5.27295
     0.47821     3.55106     3.63002     5.28484
     0.48404     3.56703     3.65042     5.29604
     0.48987     3.58213     3.66985     5.30656
     0.49570     3.59634     3.68826     5.31640
     0.50154     3.60966     3.70562     5.32555
     0.50737     3.62206     3.72190     5.33402
     0.51320     3.63353     3.73706     5.34180
     0.51903     3.64406     3.75107     5.34889
     0.52486     3.65362     3.76388     5.35530
     0.53070     3.66222     3.77546     5.36103
     0.53653     3.66983     3.78578     5.36609
     0.54236     3.67645     3.79480     5.37046
     0.54819     3.68207     3.80248     5.37416
     0.55402     3.68668     3.80881     5.37718
     0.55985     3.69027     3.81376     5.37953
     0.56569     3.69284     3.81731     5.38121
     0.57152     3.69438     3.81945     5.38221
     0.57735     3.69489     3.82016     5.38255
     0.57735     3.69489     3.82016     5.38255
     0.58072     3.69522     3.82029     5.38266
     0.58408     3.69619     3.82068     5.38301
     0.58745     3.69780     3.82134     5.38358
     0.59082     3.70006     3.82226     5.38438
     0.59419     3.70296     3.82344     5.38540
     0.59755     3.70650     3.82488     5.38665
     0.60092     3.71067     3.82658     5.38812
     0.60429     3.71547     3.82853     5.38981
     0.60765     3.72090     3.83075     5.39172
     0.61102     3.72695     3.83322     5.39385
     0.61439     3.73360     3.83595     5.39618
     0.61775     3.74087     3.83893     5.39872
     0.62112     3.74873     3.84217     5.40147
     0.62449     3.75718     3.84565     5.40441
     0.62786     3.76622     3.84938     5.40755
     0.63122     3.77583     3.85336     5.41088
     0.63459     3.78600     3.85758     5.41439
     0.63796     3.79673     3.86205     5.41808
     0.64132     3.80800     3.86676     5.42194
     0.64469     3.81980     3.87170     5.42597
     0.64806     3.83213     3.87688     5.43016
     0.65142     3.84496     3.88229     5.43451
     0.65479     3.85830     3.88793     5.43900
     0.65816     3.87213     3.89380     5.44363
     0.66153     3.88644     3.89990     5.44840
     0.66489     3.90121     3.90622     5.45329
     0.66826     3.91275     3.91643     5.45830
     0.67163     3.91951     3.93210     5.46342
     0.67499     3.92648     3.94819     5.46865
     0.67836     3.93366     3.96470     5.47397
     0.68173     3.94105     3.98162     5.47938
     0.68509     3.94865     3.99893     5.48486
     0.68846     3.95646     4.01662     5.49042
     0.69183     3.96446     4.03468     5.49604
     0.69520     3.97266     4.05310     5.50171
     0.69856     3.98106     4.07186     5.50743
     0.70193     3.98965     4.09096     5.51319
     0.70530     3.99843     4.11038     5.51897
     0.70866     4.00741     4.13010     5.52477
     0.71203     4.01656     4.15013     5.53058
     0.71540     4.02590     4.17045     5.53640
     0.71876     4.03543     4.19104     5.54220
     0.72213     4.04513     4.21189     5.54800
     0.72550     4.05501     4.23301     5.54344
     0.72887     4.06506     4.25436     5.53524
     0.73223     4.07529     4.27596     5.52684
     0.73560     4.08568     4.29777     5.51824
     0.73897     4.09625     4.31980     5.50943
     0.74233     4.10698     4.34204     5.50042
     0.74570     4.11787     4.36447     5.49121
     0.74907     4.12893     4.38709     5.48179
     0.75243     4.14015     4.40988     5.47217
     0.75580     4.15153     4.43284     5.46235
     0.75917     4.16307     4.45596     5.45234
     0.76254     4.17477     4.47924     5.44212
     0.76590     4.18661     4.50265     5.43170
     0.76927     4.19862     4.52619     5.42108
     0.77264     4.21077     4.54986     5.41027
     0.77600     4.22307     4.57365     5.39925
     0.77937     4.23553     4.59754     5.38805
     0.78274     4.24813     4.62154     5.37665
     0.78610     4.26087     4.64563     5.36506
     0.78947     4.27377     4.66980     5.35327
     0.79284     4.28680     4.69404     5.34130
     0.79621     4.29998     4.71836     5.32914
     0.79957     4.31330     4.74273     5.31680
     0.80294     4.32676     4.76716     5.30427
     0.80631     4.34035     4.79163     5.29156
     0.80967     4.35409     4.81614     5.27867
     0.81304     4.36796     4.84067     5.26560
     0.81641     4.38196     4.86522     5.25236
     0.81977     4.39610     4.88978     5.23894
     0.82314     4.41037     4.91434     5.22536
     0.82651     4.42477     4.93888     5.21160
     0.82988     4.43929     4.96341     5.19769
     0.83324     4.45395     4.98791     5.18361
     0.83661     4.46873     5.01237     5.16937
     0.83998     4.48364     5.03677     5.15497
     0.84334     4.49866     5.06111     5.14042
     0.84671     4.51381     5.08536     5.12572
     0.85008     4.52908     5.10952     5.11087
     0.85344     4.54446     5.09587     5.13356
     0.85681     4.55996     5.08073     5.15748
     0.86018     4.57557     5.06546     5.18123
     0.86355     4.59130     5.05004     5.20480
     0.86691     4.60713     5.03450     5.22816
     0.87028     4.62306     5.01882     5.25125
     0.87365     4.63911     5.00302     5.27405
     0.87701     4.65525     4.98709     5.29647
     0.88038     4.67149     4.97104     5.31844
     0.88375     4.68783     4.95488     5.33984
     0.88711     4.70427     4.93860     5.36051
     0.89048     4.72079     4.92221     5.38022
     0.89385     4.73740     4.90571     5.39866
     0.89722     4.75410     4.88910     5.41535
     0.90058     4.77088     4.87239     5.42964
     0.90395     4.78774     4.85558     5.44072
     0.90732     4.80467     4.83868     5.44772
     0.91068     4.82168     4.82168     5.45009
     0.91068     4.82168     4.82168     5.45009
     0.91742     4.78742     4.85591     5.44165
     0.92415     4.75281     4.89038     5.42078
     0.93089     4.71788     4.92508     5.39313
     0.93762     4.68265     4.95997     5.36182
     0.94435     4.64713     4.99502     5.32833
     0.95109     4.61135     5.03021     5.29338
     0.95782     4.57532     5.06551     5.25737
     0.96456     4.53905     5.10088     5.22050
     0.97129     4.50256     5.13629     5.18289
     0.97802     4.46585     5.14463     5.17172
     0.98476     4.42894     5.10576     5.20714
     0.99149     4.39184     5.06630     5.24251
     0.99823     4.35456     5.02625     5.27781
     1.00496     4.31709     4.98564     5.31301
     1.01169     4.27945     4.94444     5.34808
     1.01843     4.24163     4.90267     5.38301
     1.02516     4.20364     4.86031     5.37110
     1.03190     4.16548     4.81734     5.35102
     1.03863     4.12715     4.77377     5.33039
     1.04536     4.08865     4.72958     5.30921
     1.05210     4.04998     4.68476     5.28747
     1.05883     4.01112     4.63931     5.26518
     1.06557     3.97209     4.59323     5.24232
     1.07230     3.93288     4.54649     5.21890
     1.07903     3.89347     4.49912     5.19491
     1.08577     3.85387     4.45111     5.17037
     1.09250     3.81408     4.40245     5.14527
     1.09924     3.77408     4.35317     5.11961
     1.10597     3.73388     4.30328     5.09340
     1.11270     3.69346     4.25277     5.06664
     1.11944     3.65282     4.20168     5.03935
     1.12617     3.61196     4.15002     5.01152
     1.13291     3.57087     4.09781     4.98318
     1.13964     3.52954     4.04508     4.95432
     1.14637     3.48798     3.99186     4.92497
     1.15311     3.44617     3.93817     4.89512
     1.15984     3.40411     3.88405     4.86479
     1.16658     3.36180     3.82952     4.83398
     1.17331     3.31923     3.77463     4.80272
     1.18004     3.27640     3.71940     4.77099
     1.18678     3.23330     3.66387     4.73882
     1.19351     3.18992     3.60808     4.70619
     1.20025     3.14627     3.55206     4.67311
     1.20698     3.10232     3.49583     4.63958
     1.21371     3.05809     3.43944     4.60558
     1.22045     3.01356     3.38291     4.57108
     1.22718     2.96872     3.32626     4.53608
     1.23392     2.92357     3.26952     4.50053
     1.24065     2.87810     3.21271     4.46439
     1.24738     2.83230     3.15584     4.42761
     1.25412     2.78616     3.09893     4.39010
     1.26085     2.73967     3.04199     4.35179
     1.26759     2.69282     2.98501     4.31256
     1.27432     2.64560     2.92800     4.27229
     1.28105     2.59799     2.87094     4.23083
     1.28779     2.54999     2.81384     4.18800
     1.29452     2.50158     2.75668     4.14359
     1.30126     2.45275     2.69943     4.09738
     1.30799     2.40348     2.64207     4.04910
     1.31472     2.35375     2.58459     3.99848
     1.32146     2.30357     2.52694     3.94524
     1.32819     2.25290     2.46909     3.88908
     1.33493     2.20174     2.41101     3.82974
     1.34166     2.15006     2.35267     3.76699
     1.34839     2.09787     2.29402     3.70062
     1.35513     2.04514     2.23503     3.63053
     1.36186     1.99185     2.17565     3.55664
     1.36860     1.93801     2.11584     3.47898
     1.37533     1.88359     2.05558     3.39762
     1.38206     1.82858     1.99483     3.31268
     1.38880     1.77298     1.93354     3.22433
     1.39553     1.71679     1.87170     3.13275
     1.40227     1.65998     1.80928     3.03813
     1.40900     1.60257     1.74625     2.94068
     1.41573     1.54454     1.68260     2.84059
     1.42247     1.48590     1.61831     2.73805
     1.42920     1.42664     1.55338     2.63324
     1.43594     1.36678     1.48781     2.52631
     1.44267     1.30632     1.42159     2.41743
     1.44940     1.24526     1.35473     2.30674
     1.45614     1.18362     1.28725     2.19436
     1.46287     1.12141     1.21917     2.08043
     1.46961     1.05864     1.15051     1.96506
     1.47634     0.99534     1.08128     1.84836
     1.48307     0.93152     1.01153     1.73043
     1.48981     0.86721     0.94129     1.61137
     1.49654     0.80242     0.87058     1.49128
     1.50328     0.73720     0.79945     1.37024
     1.51001     0.67156     0.72794     1.24834
     1.51674     0.60554     0.65609     1.12567
     1.52348     0.53917     0.58393     1.00231
     1.53021     0.47248     0.51150     0.87834
     1.53695     0.40551     0.43884     0.75384
     1.54368     0.33830     0.36598     0.62889
     1.55041     0.27089     0.29297     0.50356
     1.55715     0.20331     0.21984     0.37793
     1.56388     0.13561     0.14661     0.25208
     1.57062     0.06783     0.07332     0.12608
     1.57735     0.00000     0.00000     0.00000
     1.57735     0.00000     0.00000     0.00000
     1.58046     0.03363     0.03363     0.05609
     1.58357     0.06725     0.06725     0.11219
     1.58669     0.10087     0.10087     0.16829
     1.58980     0.13448     0.13448     0.22439
     1.59291     0.16807     0.16807     0.28050
     1.59602     0.20164     0.20164     0.33662
     1.59913     0.23519     0.23519     0.39274
     1.60224     0.26871     0.26871     0.44887
     1.60536     0.30221     0.30221     0.50501
     1.60847     0.33566     0.33566     0.56116
     1.61158     0.36909     0.36909     0.61732
     1.61469     0.40247     0.40247     0.67349
     1.61780     0.43580     0.43580     0.72967
     1.62091     0.46909     0.46909     0.78587
     1.62403     0.50232     0.50232     0.84207
     1.62714     0.53550     0.53550     0.89829
     1.63025     0.56862     0.56862     0.95452
     1.63336     0.60167     0.60167     1.01076
     1.63647     0.63466     0.63466     1.06701
     1.63958     0.66758     0.66758     1.12327
     1.64270     0.70042     0.70042     1.17954
     1.64581     0.73319     0.73319     1.23581
     1.64892     0.76588     0.76588     1.29209
     1.65203     0.79848     0.79848     1.34837
     1.65514     0.83099     0.83099     1.40465
     1.65825     0.86342     0.86342     1.46093
     1.66137     0.89575     0.89575     1.51721
     1.66448     0.92798     0.92798     1.57347
     1.66759     0.96011     0.96011     1.62972
     1.67070     0.99214     0.99214     1.68596
     1.67381     1.02406     1.02406     1.74218
     1.67692     1.05587     1.05587     1.79838
     1.68004     1.08757     1.08757     1.85455
     1.68315     1.11915     1.11915     1.91069
     1.68626     1.15061     1.15061     1.96679
     1.68937     1.18195     1.18195     2.02285
     1.69248     1.21317     1.21317     2.07886
     1.69559     1.24425     1.24425     2.13482
     1.69871     1.27521     1.27521     2.19072
     1.70182     1.30603     1.30603     2.24656
     1.70493     1.33672     1.33672     2.30232
     1.70804     1.36726     1.36726     2.35801
     1.71115     1.39767     1.39767     2.41361
     1.71426     1.42793     1.42793     2.46912
     1.71738     1.45804     1.45804     2.52454
     1.72049     1.48801     1.48801     2.57984
     1.72360     1.51782     1.51782     2.63504
     1.72671     1.54748     1.54748     2.69011
     1.72982     1.57698     1.57698     2.74506
     1.73293     1.60633     1.60633     2.79987
     1.73605     1.63551     1.63551     2.85454
     1.73916     1.66453     1.66453     2.90905
     1.74227     1.69339     1.69339     2.96341
     1.74538     1.72207     1.72207     3.01759
     1.74849     1.75059     1.75059     3.07160
     1.75160     1.77894     1.77894     3.12543
     1.75472     1.80711     1.80711     3.17906
     1.75783     1.83511     1.83511     3.23249
     1.76094     1.86293     1.86293     3.28570
     1.76405     1.89058     1.89058     3.33870
     1.76716     1.91804     1.91804     3.39148
     1.77027     1.94532     1.94532     3.39806
     1.77339     1.97241     1.97241     3.38609
     1.77650     1.99932     1.99932     3.37392
     1.77961     2.02605     2.02605     3.36153
     1.78272     2.05258     2.05258     3.34895
     1.78583     2.07893     2.07893     3.33615
     1.78894     2.10508     2.10508     3.32315
     1.79206     2.13105     2.13105     3.30994
     1.79517     2.15681     2.15681     3.29653
     1.79828     2.18239     2.18239     3.28290
     1.80139     2.20777     2.20777     3.26907
     1.80450     2.23294     2.23294     3.25503
     1.80761     2.25793     2.25793     3.24077
     1.81073     2.28271     2.28271     3.22631
     1.81384     2.30729     2.30729     3.21164
     1.81695     2.33167     2.33167     3.19675
     1.82006     2.35584     2.35584     3.18166
     1.82317     2.37982     2.37982     3.16635
     1.82628     2.40359     2.40359     3.15084
     1.82940     2.42715     2.42715     3.13511
     1.83251     2.45051     2.45051     3.11917
     1.83562     2.47366     2.47366     3.10301
     1.83873     2.49661     2.49661     3.08665
     1.84184     2.51934     2.51934     3.07007
     1.84495     2.54187     2.54187     3.05328
     1.84807     2.56419     2.56419     3.03627
     1.85118     2.58630     2.58630     3.01906
     1.85429     2.60820     2.60820     3.00162
     1.85740     2.62989     2.62989     2.98398
     1.86051     2.65137     2.65137     2.96612
     1.86362     2.67264     2.67264     2.94805
     1.86674     2.69369     2.69369     2.92977
     1.86985     2.71454     2.71454     2.91127
     1.87296     2.73517     2.73517     2.89255
     1.87607     2.75559     2.75559     2.87363
     1.87918     2.77579     2.77579     2.85449
     1.88229     2.79579     2.79579     2.83514
     1.88541     2.81557     2.81557     2.81557
     1.88541     2.81557     2.81557     2.81557
     1.89214     2.81616     2.81616     2.81675
     1.89887     2.81794     2.81794     2.82028
     1.90561     2.82090     2.82090     2.82615
     1.91234     2.82504     2.82504     2.83435
     1.91908     2.83037     2.83037     2.84486
     1.92581     2.83689     2.83689     2.85764
     1.93254     2.84460     2.84460     2.87268
     1.93928     2.85349     2.85349     2.88992
     1.94601     2.86356     2.86356     2.90932
     1.95275     2.87482     2.87482     2.93084
     1.95948     2.88726     2.88726     2.95441
     1.96621     2.90087     2.90087     2.97998
     1.97295     2.91564     2.91564     3.00748
     1.97968     2.93155     2.93155     3.03685
     1.98642     2.94859     2.94859     3.06800
     1.99315     2.96674     2.96674     3.10085
     1.99988     2.98598     2.98598     3.13533
     2.00662     3.00626     3.00626     3.17134
     2.01335     3.02757     3.02757     3.20880
     2.02009     3.04984     3.04984     3.24762
     2.02682     3.07305     3.07305     3.28769
     2.03355     3.09714     3.09714     3.32892
     2.04029     3.12206     3.12206     3.37121
     2.04702     3.14774     3.14774     3.41446
     2.05376     3.17411     3.17411     3.45857
     2.06049     3.20112     3.20112     3.50344
     2.06722     3.22868     3.22868     3.54896
     2.07396     3.25672     3.25672     3.59504
     2.08069     3.28515     3.28515     3.64158
     2.08743     3.31390     3.31390     3.68847
     2.09416     3.34288     3.34288     3.73564
     2.10089     3.37199     3.37199     3.78297
     2.10763     3.40116     3.40116     3.83040
     2.11436     3.43030     3.43030     3.87782
     2.12110     3.45931     3.45931     3.92517
     2.12783     3.48812     3.48812     3.97237
     2.13456     3.51664     3.51664     4.01935
     2.14130     3.54479     3.54479     4.06604
     2.14803     3.57250     3.57250     4.11240
     2.15477     3.59968     3.59968     4.15836
     2.16150     3.62628     3.62628     4.20389
     2.16823     3.65222     3.65222     4.24894
     2.17497     3.67746     3.67746     4.29349
     2.18170     3.70193     3.70193     4.33750
     2.18844     3.72559     3.72559     4.38096
     2.19517     3.74841     3.74841     4.42385
     2.20190     3.77035     3.77035     4.46616
     2.20864     3.79137     3.79137     4.50789
     2.21537     3.81147     3.81147     4.54903
     2.22211     3.83063     3.83063     4.58959
     2.22884     3.84883     3.84883     4.62957
     2.23558     3.86607     3.86607     4.66899
     2.24231     3.88236     3.88236     4.70786
     2.24904     3.89771     3.89771     4.74620
     2.25578     3.91211     3.91211     4.78401
     2.26251     3.92560     3.92560     4.82133
     2.26925     3.93818     3.93818     4.85816
     2.27598     3.94989     3.94989     4.89454
     2.28271     3.96074     3.96074     4.93047
     2.28945     3.97076     3.97076     4.96600
     2.29618     3.97998     3.97998     5.00113
     2.30292     3.98844     3.98844     5.03589
     2.30965     3.99616     3.99616     5.07030
     2.31638     4.00319     4.00319     5.10439
     2.32312     4.00954     4.00954     5.13816
     2.32985     4.01526     4.01526     5.17164
     2.33659     4.02038     4.02038     5.20484
     2.34332     4.02494     4.02494     5.23779
     2.35005     4.02896     4.02896     5.27048
     2.35679     4.03248     4.03248     5.30292
     2.36352     4.03554     4.03554     5.33513
     2.37026     4.03817     4.03817     5.36711
     2.37699     4.04040     4.04040     5.39886
     2.38372     4.04225     4.04225     5.43036
     2.39046     4.04376     4.04376     5.46162
     2.39719     4.04496     4.04496     5.49263
     2.40393     4.04587     4.04587     5.52336
     2.41066     4.04652     4.04652     5.55379
     2.41739     4.04694     4.04694     5.58390
     2.42413     4.04714     4.04714     5.61366
     2.43086     4.04716     4.04716     5.64302
     2.43760     4.04701     4.04701     5.67194
     2.44433     4.04673     4.04673     5.70037
     2.45106     4.04632     4.04632     5.72825
     2.45780     4.04580     4.04580     5.75550
     2.46453     4.04521     4.04521     5.78204
     2.47127     4.04455     4.04455     5.80777
     2.47800     4.04385     4.04385     5.83258
     2.48473     4.04312     4.04312     5.85634
     2.49147     4.04238     4.04238     5.87890
     2.49820     4.04165     4.04165     5.90008
     2.50494     4.04094     4.04094     5.91967
     2.51167     4.04028     4.04028     5.93747
     2.51840     4.03967     4.03967     5.95320
     2.52514     4.03913     4.03913     5.96661
     2.53187     4.03869     4.03869     5.97743
     2.53861     4.03835     4.03835     5.98539
     2.54534     4.03813     4.03813     5.99027
     2.55207     4.03806     4.03806     5.99192
     2.55207     4.03806     4.03806     5.99192
     2.55519     4.03821     4.03821     5.98408
     2.55830     4.03868     4.03868     5.97626
     2.56141     4.03945     4.03945     5.96846
     2.56452     4.04054     4.04054     5.96070
     2.56763     4.04193     4.04193     5.95295
     2.57074     4.04362     4.04362     5.94524
     2.57386     4.04562     4.04562     5.93756
     2.57697     4.04793     4.04793     5.92991
     2.58008     4.05053     4.05053     5.92229
     2.58319     4.05344     4.05344     5.91470
     2.58630     4.05664     4.05664     5.90715
     2.58941     4.06013     4.06013     5.89962
     2.59253     4.06391     4.06391     5.89213
     2.59564     4.06797     4.06797     5.88467
     2.59875     4.07232     4.07232     5.87724
     2.60186     4.07695     4.07695     5.86985
     2.60497     4.08184     4.08184     5.86249
     2.60808     4.08701     4.08701     5.85516
     2.61120     4.09245     4.09245     5.84786
     2.61431     4.09814     4.09814     5.84059
     2.61742     4.10409     4.10409     5.83336
     2.62053     4.11030     4.11030     5.82616
     2.62364     4.11674     4.11674     5.81899
     2.62675     4.12343     4.12343     5.81184
     2.62987     4.13035     4.13035     5.80473
     2.63298     4.13751     4.13751     5.79765
     2.63609     4.14489     4.14489     5.79060
     2.63920     4.15249     4.15249     5.78358
     2.64231     4.16030     4.16030     5.77659
     2.64542     4.16832     4.16832     5.76962
     2.64854     4.17654     4.17654     5.76269
     2.65165     4.18496     4.18496     5.75578
     2.65476     4.19358     4.19358     5.74890
     2.65787     4.20237     4.20237     5.74205
     2.66098     4.21135     4.21135     5.73523
     2.66409     4.22051     4.22051     5.72844
     2.66721     4.22983     4.22983     5.72167
     2.67032     4.23932     4.23932     5.71494
     2.67343     4.24896     4.24896     5.70824
     2.67654     4.25876     4.25876     5.70156
     2.67965     4.26871     4.26871     5.69492
     2.68276     4.27880     4.27880     5.68831
     2.68588     4.28902     4.28902     5.68174
     2.68899     4.29938     4.29938     5.67520
     2.69210     4.30986     4.30986     5.66869
     2.69521     4.32046     4.32046     5.66223
     2.69832     4.33118     4.33118     5.65580
     2.70143     4.34200     4.34200     5.64941
     2.70455     4.35294     4.35294     5.64307
     2.70766     4.36397     4.36397     5.63676
     2.71077     4.37509     4.37509     5.63051
     2.71388     4.38631     4.38631     5.62431
     2.71699     4.39760     4.39760     5.61815
     2.72010     4.40898     4.40898     5.61205
     2.72322     4.42042     4.42042     5.60601
     2.72633     4.43194     4.43194     5.60002
     2.72944     4.44351     4.44351     5.59410
     2.73255     4.45513     4.45513     5.58825
     2.73566     4.46681     4.46681     5.58246
     2.73877     4.47852     4.47852     5.57674
     2.74189     4.49027     4.49027     5.57110
     2.74500     4.50205     4.50205     5.56554
     2.74811     4.51384     4.51384     5.56007
     2.75122     4.52565     4.52565     5.55468
     2.75433     4.53746     4.53746     5.54938
     2.75744     4.54927     4.54927     5.54417
     2.76056     4.56106     4.56106     5.53906
     2.76367     4.57282     4.57282     5.53406
     2.76678     4.58455     4.58455     5.52916
     2.76989     4.59623     4.59623     5.52437
     2.77300     4.60786     4.60786     5.51969
     2.77611     4.61941     4.61941     5.51514
     2.77923     4.63087     4.63087     5.51070
     2.78234     4.64223     4.64223     5.50640
     2.78545     4.65347     4.65347     5.50222
     2.78856     4.66458     4.66458     5.49818
     2.79167     4.67552     4.67553     5.49427
     2.79478     4.68630     4.68630     5.49051
     2.79790     4.69687     4.69687     5.48690
     2.80101     4.70723     4.70723     5.48343
     2.80412     4.71733     4.71733     5.48012
     2.80723     4.72717     4.72717     5.47697
     2.81034     4.73670     4.73670     5.47398
     2.81345     4.74590     4.74590     5.47115
     2.81657     4.75474     4.75474     5.46848
     2.81968     4.76318     4.76318     5.46599
     2.82279     4.77119     4.77119     5.46367
     2.82590     4.77874     4.77874     5.46153
     2.82901     4.78579     4.78579     5.45956
     2.83212     4.79230     4.79230     5.45778
     2.83524     4.79824     4.79824     5.45617
     2.83835     4.80358     4.80358     5.45475
     2.84146     4.80828     4.80828     5.45352
     2.84457     4.81231     4.81231     5.45247
     2.84768     4.81565     4.81565     5.45161
     2.85079     4.81828     4.81828     5.45095
     2.85391     4.82016     4.82016     5.45047
     2.85702     4.82130     4.82130     5.45018
     2.86013     4.82168     4.82168     5.45009
