     0.00000     3.75825     3.75825     7.07980
     0.00583     3.75874     3.75964     7.07959
     0.01166     3.76023     3.76380     7.07898
     0.01750     3.76270     3.77070     7.07795
     0.02333     3.76615     3.78033     7.07651
     0.02916     3.77057     3.79261     7.07466
     0.03499     3.77595     3.80750     7.07239
     0.04082     3.78227     3.82492     7.06971
     0.04665     3.78952     3.84477     7.06660
     0.05249     3.79769     3.86698     7.06308
     0.05832     3.80675     3.89143     7.05913
     0.06415     3.81669     3.91802     7.05475
     0.06998     3.82747     3.94662     7.04995
     0.07581     3.83909     3.97712     7.04471
     0.08165     3.85150     4.00939     7.03904
     0.08748     3.86470     4.04331     7.03293
     0.09331     3.87865     4.07875     7.02637
     0.09914     3.89332     4.11558     7.01938
     0.10497     3.90870     4.15368     7.01195
     0.11080     3.92475     4.19292     7.00406
     0.11664     3.94145     4.23319     6.99574
     0.12247     3.95878     4.27436     6.98697
     0.12830     3.97671     4.31633     6.97775
     0.13413     3.99521     4.35898     6.96809
     0.13996     4.01425     4.40222     6.95799
     0.14580     4.03383     4.44594     6.94744
     0.15163     4.05391     4.49005     6.93646
     0.15746     4.07446     4.53448     6.92505
     0.16329     4.09547     4.57913     6.91320
     0.16912     4.11692     4.62394     6.90093
     0.17495     4.13879     4.66883     6.88825
     0.18079     4.16104     4.71376     6.87514
     0.18662     4.18367     4.75865     6.86164
     0.19245     4.20665     4.80346     6.84773
     0.19828     4.22997     4.84815     6.83343
     0.20411     4.25359     4.89267     6.81875
     0.20995     4.27751     4.93699     6.80370
     0.21578     4.30171     4.98109     6.78828
     0.22161     4.32615     5.02493     6.77251
     0.22744     4.35083     5.06850     6.75638
     0.23327     4.37572     5.11177     6.73993
     0.23910     4.40080     5.15474     6.72314
     0.24494     4.42605     5.19739     6.70604
     0.25077     4.45145     5.23971     6.68863
     0.25660     4.47697     5.28171     6.67093
     0.26243     4.50260     5.32336     6.65293
     0.26826     4.52830     5.36468     6.63466
     0.27410     4.55406     5.40566     6.61613
     0.27993     4.57984     5.44631     6.59733
     0.28576     4.65041     5.48661     6.57828
     0.29159     4.72009     5.52659     6.55900
     0.29742     4.78851     5.56622     6.53948
     0.30325     4.85563     5.60553     6.51974
     0.30909     4.92147     5.64451     6.49979
     0.31492     4.98600     5.68315     6.47963
     0.32075     5.04922     5.72147     6.45928
     0.32658     5.11111     5.75945     6.43875
     0.33241     5.17167     5.79711     6.41803
     0.33825     5.23089     5.83442     6.39715
     0.34408     5.28875     5.87139     6.37612
     0.34991     5.34524     5.90801     6.35494
     0.35574     5.40036     5.94427     6.33363
     0.36157     5.45410     5.98016     6.31219
     0.36740     5.50644     6.01567     6.29065
     0.37324     5.55738     6.05077     6.26902
     0.37907     5.60690     6.08546     6.24731
     0.38490     5.65501     6.11971     6.22554
     0.39073     5.70168     6.15351     6.20373
     0.39656     5.74692     6.18191     6.18682
     0.40240     5.79071     6.16008     6.21961
     0.40823     5.83306     6.13829     6.25187
     0.41406     5.87396     6.11655     6.28355
     0.41989     5.91340     6.09490     6.31463
     0.42572     5.95138     6.07336     6.34506
     0.43155     5.98791     6.05198     6.37481
     0.43739     6.02297     6.03079     6.40384
     0.44322     6.00983     6.05658     6.43210
     0.44905     5.98914     6.08873     6.45957
     0.45488     5.96877     6.11943     6.48618
     0.46071     5.94877     6.14867     6.51191
     0.46655     5.92919     6.17646     6.53670
     0.47238     5.91008     6.20281     6.56052
     0.47821     5.89150     6.22771     6.58333
     0.48404     5.87351     6.25117     6.60507
     0.48987     5.85617     6.27320     6.62571
     0.49570     5.83955     6.29379     6.64522
     0.50154     5.82369     6.31295     6.66355
     0.50737     5.80868     6.33069     6.68067
     0.51320     5.79457     6.34699     6.69655
     0.51903     5.78142     6.36188     6.71116
     0.52486     5.76931     6.37534     6.72446
     0.53070     5.75828     6.38738     6.73644
     0.53653     5.74840     6.39800     6.74706
     0.54236     5.73972     6.40721     6.75631
     0.54819     5.73229     6.41500     6.76417
     0.55402     5.72615     6.42137     6.77062
     0.55985     5.72133     6.42632     6.77565
     0.56569     5.71787     6.42986     6.77925
     0.57152     5.71578     6.43198     6.78141
     0.57735     5.71509     6.43269     6.78213
     0.57735     5.71509     6.43269     6.78213
     0.58072     5.71500     6.43262     6.78207
     0.58408     5.71475     6.43240     6.78187
     0.58745     5.71433     6.43204     6.78155
     0.59082     5.71374     6.43153     6.78109
     0.59419     5.71298     6.43087     6.78051
     0.59755     5.71206     6.43007     6.77980
     0.60092     5.71096     6.42913     6.77895
     0.60429     5.70969     6.42803     6.77798
     0.60765     5.70826     6.42678     6.77688
     0.61102     5.70665     6.42538     6.77565
     0.61439     5.70487     6.42383     6.77430
     0.61775     5.70291     6.42212     6.77282
     0.62112     5.70079     6.42026     6.77121
     0.62449     5.69849     6.41824     6.76947
     0.62786     5.69601     6.41606     6.76762
     0.63122     5.69336     6.41372     6.76563
     0.63459     5.69054     6.41121     6.76353
     0.63796     5.68753     6.40854     6.76130
     0.64132     5.68435     6.40570     6.75895
     0.64469     5.68098     6.40269     6.75648
     0.64806     5.67744     6.39950     6.75389
     0.65142     5.67371     6.39614     6.75118
     0.65479     5.66980     6.39259     6.74836
     0.65816     5.66571     6.38887     6.74542
     0.66153     5.66143     6.38496     6.74237
     0.66489     5.65696     6.38087     6.73921
     0.66826     5.65230     6.37659     6.73594
     0.67163     5.64746     6.37212     6.73256
     0.67499     5.64243     6.36745     6.72908
     0.67836     5.63720     6.36258     6.72550
     0.68173     5.63178     6.35752     6.72181
     0.68509     5.62617     6.35226     6.71803
     0.68846     5.62037     6.34679     6.71416
     0.69183     5.61437     6.34112     6.71019
     0.69520     5.60817     6.33524     6.70614
     0.69856     5.60178     6.32915     6.70200
     0.70193     5.59519     6.32284     6.69777
     0.70530     5.58840     6.31633     6.69347
     0.70866     5.58141     6.30960     6.68910
     0.71203     5.57422     6.30265     6.68466
     0.71540     5.56683     6.29548     6.68015
     0.71876     5.55923     6.28810     6.67558
     0.72213     5.55144     6.28049     6.67095
     0.72550     5.55376     6.27267     6.66627
     0.72887     5.55949     6.26462     6.66154
     0.73223     5.56518     6.25635     6.65677
     0.73560     5.57082     6.24785     6.65197
     0.73897     5.57640     6.23914     6.64713
     0.74233     5.58191     6.23020     6.64227
     0.74570     5.58734     6.22103     6.63739
     0.74907     5.59269     6.21165     6.63249
     0.75243     5.59794     6.20204     6.62759
     0.75580     5.60309     6.19222     6.62268
     0.75917     5.60813     6.18217     6.61779
     0.76254     5.61305     6.17190     6.61290
     0.76590     5.61783     6.16142     6.60803
     0.76927     5.62249     6.15072     6.60319
     0.77264     5.62700     6.13981     6.59838
     0.77600     5.63135     6.12868     6.59361
     0.77937     5.63555     6.11734     6.58888
     0.78274     5.63958     6.10580     6.58421
     0.78610     5.64344     6.09406     6.57960
     0.78947     5.64711     6.08211     6.57506
     0.79284     5.65060     6.06996     6.57058
     0.79621     5.65389     6.05762     6.56619
     0.79957     5.65697     6.04508     6.56189
     0.80294     5.65986     6.03236     6.55768
     0.80631     5.66252     6.01945     6.55358
     0.80967     5.66497     6.00636     6.54957
     0.81304     5.66720     5.99310     6.54568
     0.81641     5.66919     5.97966     6.54191
     0.81977     5.67096     5.96606     6.53826
     0.82314     5.67248     5.95229     6.53474
     0.82651     5.67377     5.93838     6.53136
     0.82988     5.67481     5.92431     6.52811
     0.83324     5.67560     5.91010     6.52499
     0.83661     5.67615     5.89576     6.52203
     0.83998     5.67644     5.88128     6.51921
     0.84334     5.67648     5.86669     6.51654
     0.84671     5.67627     5.85199     6.51402
     0.85008     5.67580     5.83720     6.51165
     0.85344     5.67508     5.82232     6.50943
     0.85681     5.67411     5.80737     6.50737
     0.86018     5.67289     5.79237     6.50546
     0.86355     5.67141     5.77734     6.50370
     0.86691     5.66969     5.76231     6.50209
     0.87028     5.66772     5.74731     6.50063
     0.87365     5.66550     5.73239     6.49931
     0.87701     5.66304     5.71760     6.49813
     0.88038     5.66035     5.70303     6.49709
     0.88375     5.65742     5.68878     6.49619
     0.88711     5.65426     5.67500     6.49541
     0.89048     5.65087     5.66192     6.49476
     0.89385     5.64726     5.64986     6.49422
     0.89722     5.63926     5.64343     6.49380
     0.90058     5.63078     5.63938     6.49348
     0.90395     5.62522     5.63513     6.49326
     0.90732     5.62345     5.63066     6.49314
     0.91068     5.62600     5.62600     6.49310
     0.91068     5.62600     5.62600     6.49310
     0.91742     5.61609     5.64332     6.49324
     0.92415     5.60542     5.67175     6.49363
     0.93089     5.59404     5.70554     6.49421
     0.93762     5.58196     5.74152     6.49489
     0.94435     5.56923     5.77811     6.49562
     0.95109     5.55586     5.81452     6.49631
     0.95782     5.54188     5.85027     6.49690
     0.96456     5.52731     5.88505     6.49731
     0.97129     5.51215     5.91867     6.49746
     0.97802     5.49644     5.95095     6.49729
     0.98476     5.48017     5.98178     6.49670
     0.99149     5.46334     6.01104     6.49563
     0.99823     5.44598     6.03864     6.49399
     1.00496     5.42807     6.06450     6.49172
     1.01169     5.40963     6.08854     6.48874
     1.01843     5.39064     6.11070     6.48497
     1.02516     5.41776     6.13093     6.48033
     1.03190     5.45232     6.14918     6.47475
     1.03863     5.48667     6.16539     6.46816
     1.04536     5.52078     6.17954     6.46049
     1.05210     5.55465     6.19160     6.45166
     1.05883     5.58825     6.20154     6.44160
     1.06557     5.62157     6.20934     6.43025
     1.07230     5.65461     6.21501     6.41755
     1.07903     5.68736     6.21853     6.40342
     1.08577     5.71980     6.21991     6.38782
     1.09250     5.75193     6.21916     6.37067
     1.09924     5.78376     6.21629     6.35193
     1.10597     5.81526     6.21133     6.33155
     1.11270     5.84645     6.20430     6.30947
     1.11944     5.87733     6.19524     6.28566
     1.12617     5.90789     6.18417     6.26006
     1.13291     5.93814     6.17116     6.23266
     1.13964     5.96809     6.15623     6.20341
     1.14637     5.99772     6.13944     6.17228
     1.15311     6.02706     6.12085     6.13926
     1.15984     6.05610     6.10051     6.10433
     1.16658     6.06748     6.07847     6.08485
     1.17331     6.02869     6.05481     6.11331
     1.18004     5.98798     6.02957     6.14149
     1.18678     5.94534     6.00282     6.16938
     1.19351     5.90079     5.97463     6.19700
     1.20025     5.85434     5.94506     6.22435
     1.20698     5.80604     5.91416     6.25142
     1.21371     5.75591     5.88201     6.27823
     1.22045     5.70399     5.84865     6.30475
     1.22718     5.65035     5.81415     6.33101
     1.23392     5.59506     5.77857     6.35698
     1.24065     5.53818     5.74195     6.38268
     1.24738     5.47983     5.70434     6.40808
     1.25412     5.42010     5.66580     6.43320
     1.26085     5.35913     5.62637     6.45801
     1.26759     5.29706     5.58609     6.48251
     1.27432     5.23407     5.54500     6.50668
     1.28105     5.17035     5.50313     6.53053
     1.28779     5.10613     5.46053     6.55403
     1.29452     5.04166     5.41722     6.57717
     1.30126     4.97721     5.37323     6.59994
     1.30799     4.91309     5.32860     6.62233
     1.31472     4.84962     5.28334     6.64431
     1.32146     4.78714     5.23748     6.66588
     1.32819     4.72599     5.19106     6.68701
     1.33493     4.66648     5.14409     6.70770
     1.34166     4.60891     5.09661     6.72792
     1.34839     4.55351     5.04864     6.74766
     1.35513     4.50048     5.00023     6.76691
     1.36186     4.44991     4.95140     6.78565
     1.36860     4.40185     4.90219     6.80387
     1.37533     4.35630     4.85266     6.82156
     1.38206     4.31318     4.80285     6.83869
     1.38880     4.27239     4.75282     6.85527
     1.39553     4.23382     4.70263     6.87129
     1.40227     4.19734     4.65236     6.88672
     1.40900     4.16281     4.60208     6.90157
     1.41573     4.13012     4.55190     6.91583
     1.42247     4.09914     4.50190     6.92949
     1.42920     4.06977     4.45220     6.94255
     1.43594     4.04194     4.40292     6.95500
     1.44267     4.01557     4.35418     6.96685
     1.44940     3.99059     4.30613     6.97809
     1.45614     3.96696     4.25892     6.98872
     1.46287     3.94464     4.21271     6.99875
     1.46961     3.92360     4.16767     7.00817
     1.47634     3.90383     4.12399     7.01698
     1.48307     3.88530     4.08184     7.02520
     1.48981     3.86801     4.04142     7.03283
     1.49654     3.85196     4.00293     7.03986
     1.50328     3.83715     3.96656     7.04631
     1.51001     3.82358     3.93252     7.05217
     1.51674     3.81127     3.90100     7.05746
     1.52348     3.80021     3.87220     7.06218
     1.53021     3.79043     3.84629     7.06633
     1.53695     3.78193     3.82345     7.06991
     1.54368     3.77471     3.80384     7.07294
     1.55041     3.76880     3.78759     7.07541
     1.55715     3.76419     3.77483     7.07733
     1.56388     3.76089     3.76564     7.07870
     1.57062     3.75891     3.76010     7.07952
     1.57735     3.75825     3.75825     7.07980
     1.57735     3.75825     3.75825     7.07980
     1.58046     3.75816     3.75816     7.07958
     1.58357     3.75788     3.75788     7.07894
     1.58669     3.75742     3.75742     7.07787
     1.58980     3.75678     3.75678     7.07638
     1.59291     3.75596     3.75596     7.07446
     1.59602     3.75496     3.75496     7.07211
     1.59913     3.75377     3.75377     7.06934
     1.60224     3.75240     3.75240     7.06615
     1.60536     3.75084     3.75084     7.06253
     1.60847     3.74910     3.74910     7.05849
     1.61158     3.74718     3.74718     7.05403
     1.61469     3.74507     3.74507     7.04915
     1.61780     3.74278     3.74278     7.04386
     1.62091     3.74031     3.74031     7.03814
     1.62403     3.73765     3.73765     7.03202
     1.62714     3.73481     3.73481     7.02548
     1.63025     3.73178     3.73178     7.01853
     1.63336     3.72857     3.72857     7.01117
     1.63647     3.72517     3.72517     7.00340
     1.63958     3.72159     3.72159     6.99523
     1.64270     3.71782     3.71782     6.98666
     1.64581     3.71386     3.71386     6.97769
     1.64892     3.70972     3.70972     6.96831
     1.65203     3.70539     3.70539     6.95855
     1.65514     3.70087     3.70087     6.94838
     1.65825     3.69616     3.69616     6.93783
     1.66137     3.69127     3.69127     6.92689
     1.66448     3.68619     3.68619     6.91556
     1.66759     3.68092     3.68092     6.90385
     1.67070     3.67546     3.67546     6.89175
     1.67381     3.66981     3.66981     6.87927
     1.67692     3.66397     3.66397     6.86642
     1.68004     3.65794     3.65794     6.85318
     1.68315     3.65172     3.65172     6.83958
     1.68626     3.64531     3.64531     6.82560
     1.68937     3.63870     3.63870     6.81125
     1.69248     3.63191     3.63191     6.79654
     1.69559     3.62492     3.62492     6.78145
     1.69871     3.61774     3.61774     6.76600
     1.70182     3.61036     3.61036     6.75019
     1.70493     3.60279     3.60279     6.73401
     1.70804     3.59502     3.59502     6.71748
     1.71115     3.58706     3.58706     6.70058
     1.71426     3.57891     3.57891     6.68332
     1.71738     3.57055     3.57055     6.66571
     1.72049     3.56200     3.56200     6.64774
     1.72360     3.55326     3.55326     6.62941
     1.72671     3.54431     3.54431     6.61073
     1.72982     3.53517     3.53517     6.59168
     1.73293     3.52583     3.52583     6.57229
     1.73605     3.51629     3.51629     6.55253
     1.73916     3.50655     3.50655     6.53243
     1.74227     3.49661     3.49661     6.51196
     1.74538     3.48647     3.48647     6.49114
     1.74849     3.47613     3.47613     6.46996
     1.75160     3.46558     3.46558     6.44842
     1.75472     3.45484     3.45484     6.42652
     1.75783     3.44389     3.44389     6.40426
     1.76094     3.43274     3.43274     6.38164
     1.76405     3.42138     3.42138     6.35866
     1.76716     3.40982     3.40982     6.33531
     1.77027     3.39806     3.44401     6.31160
     1.77339     3.38609     3.49631     6.28752
     1.77650     3.37392     3.54835     6.26307
     1.77961     3.36153     3.60013     6.23824
     1.78272     3.34895     3.65164     6.21305
     1.78583     3.33615     3.70287     6.18748
     1.78894     3.32315     3.75382     6.16153
     1.79206     3.30994     3.80448     6.13520
     1.79517     3.29653     3.85484     6.10848
     1.79828     3.28290     3.90489     6.08139
     1.80139     3.26907     3.95462     6.05390
     1.80450     3.25503     4.00403     6.02603
     1.80761     3.24077     4.05312     5.99776
     1.81073     3.22631     4.10186     5.96910
     1.81384     3.21164     4.15027     5.94004
     1.81695     3.19675     4.19832     5.91058
     1.82006     3.18166     4.24602     5.88071
     1.82317     3.16635     4.29335     5.85045
     1.82628     3.15084     4.34032     5.81977
     1.82940     3.13511     4.38692     5.78868
     1.83251     3.11917     4.43313     5.75718
     1.83562     3.10301     4.47896     5.72527
     1.83873     3.08665     4.52440     5.69294
     1.84184     3.07007     4.56945     5.66019
     1.84495     3.05328     4.61410     5.62702
     1.84807     3.03627     4.65835     5.59342
     1.85118     3.01906     4.70219     5.55940
     1.85429     3.00162     4.74563     5.52496
     1.85740     2.98398     4.78865     5.49008
     1.86051     2.96612     4.83125     5.45478
     1.86362     2.94805     4.87343     5.41905
     1.86674     2.92977     4.91520     5.38288
     1.86985     2.91127     4.95653     5.34629
     1.87296     2.89255     4.99745     5.30926
     1.87607     2.87363     5.03793     5.27179
     1.87918     2.85449     5.07799     5.23390
     1.88229     2.83514     5.11761     5.19557
     1.88541     2.81557     5.15681     5.15681
     1.88541     2.81557     5.15681     5.15681
     1.89214     2.81675     5.15726     5.15726
     1.89887     2.82028     5.15862     5.15862
     1.90561     2.82615     5.16088     5.16088
     1.91234     2.83435     5.16404     5.16404
     1.91908     2.84486     5.16809     5.16809
     1.92581     2.85764     5.17304     5.17304
     1.93254     2.87268     5.17887     5.17887
     1.93928     2.88992     5.18557     5.18557
     1.94601     2.90932     5.19315     5.19315
     1.95275     2.93084     5.20158     5.20158
     1.95948     2.95441     5.21087     5.21087
     1.96621     2.97998     5.22100     5.22100
     1.97295     3.00748     5.23197     5.23197
     1.97968     3.03685     5.24376     5.24376
     1.98642     3.06800     5.25636     5.25636
     1.99315     3.10085     5.26978     5.26978
     1.99988     3.13533     5.28399     5.28399
     2.00662     3.17134     5.29900     5.29900
     2.01335     3.20880     5.31480     5.31480
     2.02009     3.24762     5.33137     5.33137
     2.02682     3.28769     5.34872     5.34872
     2.03355     3.32892     5.36685     5.36685
     2.04029     3.37121     5.38574     5.38574
     2.04702     3.41446     5.40540     5.40540
     2.05376     3.45857     5.42582     5.42582
     2.06049     3.50344     5.44700     5.44700
     2.06722     3.54896     5.46894     5.46894
     2.07396     3.59504     5.49163     5.49163
     2.08069     3.64158     5.51507     5.51507
     2.08743     3.68847     5.53925     5.53925
     2.09416     3.73564     5.56418     5.56418
     2.10089     3.78297     5.58983     5.58983
     2.10763     3.83040     5.61619     5.61619
     2.11436     3.87782     5.64326     5.64326
     2.12110     3.92517     5.67101     5.67101
     2.12783     3.97237     5.69942     5.69942
     2.13456     4.01935     5.72845     5.72845
     2.14130     4.06604     5.75809     5.75809
     2.14803     4.11240     5.78828     5.78828
     2.15477     4.15836     5.81899     5.81899
     2.16150     4.20389     5.85017     5.85017
     2.16823     4.24894     5.88175     5.88175
     2.17497     4.29349     5.91368     5.91368
     2.18170     4.33750     5.94590     5.94590
     2.18844     4.38096     5.97833     5.97833
     2.19517     4.42385     6.01090     6.01090
     2.20190     4.46616     6.04352     6.04352
     2.20864     4.50789     6.07611     6.07611
     2.21537     4.54903     6.10859     6.10859
     2.22211     4.58959     6.14086     6.14086
     2.22884     4.62957     6.17284     6.17284
     2.23558     4.66899     6.20443     6.20443
     2.24231     4.70786     6.23554     6.23554
     2.24904     4.74620     6.26609     6.26609
     2.25578     4.78401     6.29598     6.29598
     2.26251     4.82133     6.32512     6.32512
     2.26925     4.85816     6.35344     6.35344
     2.27598     4.89454     6.38084     6.38084
     2.28271     4.93047     6.40726     6.40726
     2.28945     4.96600     6.43261     6.43261
     2.29618     5.00113     6.45683     6.45683
     2.30292     5.03589     6.47987     6.47987
     2.30965     5.07030     6.50164     6.50164
     2.31638     5.10439     6.52211     6.52211
     2.32312     5.13816     6.54123     6.54123
     2.32985     5.17164     6.55896     6.55896
     2.33659     5.20484     6.57526     6.57526
     2.34332     5.23779     6.59010     6.59010
     2.35005     5.27048     6.60345     6.60345
     2.35679     5.30292     6.61532     6.61532
     2.36352     5.33513     6.62568     6.62568
     2.37026     5.36711     6.63452     6.63452
     2.37699     5.39886     6.64187     6.64187
     2.38372     5.43036     6.64772     6.64772
     2.39046     5.46162     6.65209     6.65209
     2.39719     5.49263     6.65501     6.65501
     2.40393     5.52336     6.65650     6.65650
     2.41066     5.55379     6.65661     6.65661
     2.41739     5.58390     6.65537     6.65537
     2.42413     5.61366     6.65284     6.65284
     2.43086     5.64302     6.64907     6.64907
     2.43760     5.67194     6.64414     6.64414
     2.44433     5.70037     6.63812     6.63812
     2.45106     5.72825     6.63110     6.63110
     2.45780     5.75550     6.62317     6.62317
     2.46453     5.78204     6.61444     6.61444
     2.47127     5.80777     6.60504     6.60504
     2.47800     5.83258     6.59510     6.59510
     2.48473     5.85634     6.58478     6.58478
     2.49147     5.87890     6.57426     6.57426
     2.49820     5.90008     6.56374     6.56374
     2.50494     5.91967     6.55345     6.55345
     2.51167     5.93747     6.54364     6.54364
     2.51840     5.95320     6.53459     6.53459
     2.52514     5.96661     6.52659     6.52659
     2.53187     5.97743     6.51994     6.51994
     2.53861     5.98539     6.51492     6.51492
     2.54534     5.99027     6.51178     6.51178
     2.55207     5.99192     6.51071     6.51071
     2.55207     5.99192     6.51071     6.51071
     2.55519     5.99979     6.51058     6.51058
     2.55830     6.00768     6.51019     6.51019
     2.56141     6.01559     6.50953     6.50953
     2.56452     6.02352     6.50861     6.50861
     2.56763     6.03146     6.50743     6.50743
     2.57074     6.03942     6.50598     6.50598
     2.57386     6.04739     6.50427     6.50427
     2.57697     6.05537     6.50230     6.50230
     2.58008     6.06336     6.50006     6.50006
     2.58319     6.07135     6.49756     6.49756
     2.58630     6.07934     6.49479     6.49479
     2.58941     6.08734     6.49176     6.49176
     2.59253     6.09533     6.48847     6.48847
     2.59564     6.10331     6.48490     6.48490
     2.59875     6.11129     6.48107     6.48107
     2.60186     6.11925     6.47698     6.47698
     2.60497     6.12720     6.47261     6.47261
     2.60808     6.13513     6.46798     6.46798
     2.61120     6.14304     6.46308     6.46308
     2.61431     6.15092     6.45792     6.45792
     2.61742     6.15878     6.45248     6.45248
     2.62053     6.16660     6.44678     6.44678
     2.62364     6.17439     6.44081     6.44081
     2.62675     6.18214     6.43457     6.43457
     2.62987     6.18985     6.42806     6.42806
     2.63298     6.19751     6.42129     6.42129
     2.63609     6.20513     6.41424     6.41424
     2.63920     6.21269     6.40693     6.40693
     2.64231     6.22020     6.39936     6.39936
     2.64542     6.22765     6.39151     6.39151
     2.64854     6.23504     6.38341     6.38341
     2.65165     6.24236     6.37504     6.37504
     2.65476     6.24962     6.36640     6.36640
     2.65787     6.25680     6.35751     6.35751
     2.66098     6.26391     6.34836     6.34836
     2.66409     6.27093     6.33895     6.33895
     2.66721     6.27788     6.32928     6.32928
     2.67032     6.28475     6.31937     6.31937
     2.67343     6.29152     6.30920     6.30920
     2.67654     6.29821     6.29879     6.29879
     2.67965     6.28814     6.28814     6.30481
     2.68276     6.27724     6.27724     6.31131
     2.68588     6.26611     6.26611     6.31771
     2.68899     6.25475     6.25475     6.32401
     2.69210     6.24317     6.24317     6.33021
     2.69521     6.23136     6.23136     6.33631
     2.69832     6.21934     6.21934     6.34230
     2.70143     6.20711     6.20711     6.34819
     2.70455     6.19467     6.19467     6.35396
     2.70766     6.18203     6.18203     6.35962
     2.71077     6.16921     6.16921     6.36517
     2.71388     6.15620     6.15620     6.37060
     2.71699     6.14302     6.14302     6.37592
     2.72010     6.12967     6.12967     6.38113
     2.72322     6.11616     6.11616     6.38621
     2.72633     6.10251     6.10251     6.39117
     2.72944     6.08871     6.08871     6.39602
     2.73255     6.07479     6.07479     6.40074
     2.73566     6.06075     6.06075     6.40535
     2.73877     6.04660     6.04660     6.40983
     2.74189     6.03236     6.03236     6.41419
     2.74500     6.01804     6.01804     6.41843
     2.74811     6.00364     6.00365     6.42255
     2.75122     5.98920     5.98920     6.42654
     2.75433     5.97471     5.97471     6.43041
     2.75744     5.96020     5.96020     6.43416
     2.76056     5.94568     5.94568     6.43779
     2.76367     5.93116     5.93116     6.44130
     2.76678     5.91668     5.91668     6.44468
     2.76989     5.90223     5.90223     6.44795
     2.77300     5.88785     5.88785     6.45109
     2.77611     5.87356     5.87356     6.45411
     2.77923     5.85937     5.85937     6.45702
     2.78234     5.84531     5.84531     6.45980
     2.78545     5.83140     5.83140     6.46247
     2.78856     5.81767     5.81767     6.46502
     2.79167     5.80414     5.80414     6.46746
     2.79478     5.79084     5.79084     6.46978
     2.79790     5.77781     5.77781     6.47198
     2.80101     5.76506     5.76506     6.47407
     2.80412     5.75264     5.75264     6.47605
     2.80723     5.74058     5.74058     6.47792
     2.81034     5.72890     5.72890     6.47967
     2.81345     5.71766     5.71766     6.48131
     2.81657     5.70688     5.70688     6.48285
     2.81968     5.69660     5.69660     6.48427
     2.82279     5.68686     5.68686     6.48558
     2.82590     5.67771     5.67771     6.48679
     2.82901     5.66918     5.66918     6.48789
     2.83212     5.66131     5.66131     6.48888
     2.83524     5.65415     5.65415     6.48977
     2.83835     5.64772     5.64772     6.49055
     2.84146     5.64207     5.64207     6.49123
     2.84457     5.63723     5.63723     6.49180
     2.84768     5.63322     5.63322     6.49227
     2.85079     5.63008     5.63008     6.49263
     2.85391     5.62782     5.62782     6.49289
     2.85702     5.62646     5.62646     6.49305
     2.86013     5.62600     5.62600     6.49310
