             0.00000             0.04994
             0.05000             0.04748
             0.10000             0.03259
             0.15000             0.04739
             0.20000             0.04472
             0.25000             0.04324
             0.30000             0.03637
             0.35000             0.04721
             0.40000             0.04168
             0.45000             0.05146
             0.50000             0.03727
             0.55000             0.04672
             0.60000             0.03795
             0.65000             0.05409
             0.70000             0.03027
             0.75000             0.05509
             0.80000             0.04193
             0.85000             0.04721
             0.90000             0.03624
             0.95000             0.04538
             1.00000             0.05614
             1.05000             0.03843
             1.10000             0.05111
             1.15000             0.03724
             1.20000             0.04733
             1.25000             0.04175
             1.30000             0.05394
             1.35000             0.05344
             1.40000             0.04124
             1.45000             0.04597
             1.50000             0.05684
             1.55000             0.04282
             1.60000             0.05286
             1.65000             0.04601
             1.70000             0.04893
             1.75000             0.04561
             1.80000             0.05011
             1.85000             0.05368
             1.90000             0.04736
             1.95000             0.05703
             2.00000             0.04287
             2.05000             0.05412
             2.10000             0.05474
             2.15000             0.05118
             2.20000             0.05506
             2.25000             0.05550
             2.30000             0.05617
             2.35000             0.05994
             2.40000             0.05790
             2.45000             0.06741
             2.50000             0.04833
             2.55000             0.05421
             2.60000             0.05424
             2.65000             0.07679
             2.70000             0.05820
             2.75000             0.06815
             2.80000             0.15529
             2.85000             0.18935
             2.90000             0.12558
             2.95000             0.12276
             3.00000             0.12225
             3.05000             0.12034
             3.10000             0.10851
             3.15000             0.11449
             3.20000             0.10725
             3.25000             0.11260
             3.30000             0.12598
             3.35000             0.12565
             3.40000             0.11410
             3.45000             0.12329
             3.50000             0.13960
             3.55000             0.15740
             3.60000             0.15491
             3.65000             0.19324
             3.70000             0.30079
             3.75000             0.41567
             3.80000             0.27896
             3.85000             0.22956
             3.90000             0.19562
             3.95000             0.20618
             4.00000             0.25932
             4.05000             0.55011
             4.10000             0.24679
             4.15000             0.19372
             4.20000             0.16990
             4.25000             0.16642
             4.30000             0.15985
             4.35000             0.14812
             4.40000             0.15835
             4.45000             0.15032
             4.50000             0.14642
             4.55000             0.15451
             4.60000             0.15540
             4.65000             0.15494
             4.70000             0.15270
             4.75000             0.17493
             4.80000             0.22896
             4.85000             0.11899
             4.90000             0.10309
             4.95000             0.10535
             5.00000             0.10742
             5.05000             0.11948
             5.10000             0.12344
             5.15000             0.19594
             5.20000             0.17172
             5.25000             0.17961
             5.30000             0.16852
             5.35000             0.21035
             5.40000             0.27852
             5.45000             0.30502
             5.50000             0.25805
             5.55000             0.23531
             5.60000             0.28799
             5.65000             0.50810
             5.70000             0.37437
             5.75000             0.24124
             5.80000             0.23079
             5.85000             0.20610
             5.90000             0.21920
             5.95000             0.21447
             6.00000             0.22672
             6.05000             0.19882
             6.10000             0.20255
             6.15000             0.22304
             6.20000             0.24176
             6.25000             0.21103
             6.30000             0.22017
             6.35000             0.25813
             6.40000             0.34383
             6.45000             0.40881
             6.50000             0.57528
             6.55000             0.24909
             6.60000             0.22724
             6.65000             0.25126
             6.70000             0.15310
             6.75000             0.17843
             6.80000             0.12953
             6.85000             0.06486
             6.90000             0.06366
             6.95000             0.07830
             7.00000             0.10316
             7.05000             0.16662
             7.10000             0.08317
             7.15000             0.00977
             7.20000             0.00130
             7.25000             0.00017
             7.30000             0.00002
             7.35000             0.00000
             7.40000             0.00000
             7.45000             0.00000
             7.50000             0.00000
             7.55000             0.00000
             7.60000             0.00000
             7.65000             0.00000
             7.70000             0.00000
             7.75000             0.00000
             7.80000             0.00000
             7.85000             0.00000
             7.90000             0.00000
             7.95000             0.00000
             8.00000             0.00000
             8.05000             0.00000
             8.10000             0.00000
             8.15000             0.00000
             8.20000             0.00000
             8.25000             0.00000
             8.30000             0.00000
             8.35000             0.00000
             8.40000             0.00000
             8.45000             0.00000
             8.50000             0.00000
             8.55000             0.00000
             8.60000             0.00000
             8.65000             0.00000
             8.70000             0.00000
             8.75000             0.00000
             8.80000             0.00000
             8.85000             0.00000
             8.90000             0.00000
             8.95000             0.00000
             9.00000             0.00000
             9.05000             0.00000
             9.10000             0.00000
             9.15000             0.00000
             9.20000             0.00000
             9.25000             0.00000
             9.30000             0.00000
             9.35000             0.00000
             9.40000             0.00000
             9.45000             0.00000
             9.50000             0.00000
             9.55000             0.00000
             9.60000             0.00000
             9.65000             0.00000
             9.70000             0.00000
             9.75000             0.00000
             9.80000             0.00000
             9.85000             0.00000
             9.90000             0.00000
             9.95000             0.00000
            10.00000             0.00000
            10.05000             0.00000
            10.10000             0.00000
            10.15000             0.00000
            10.20000             0.00000
            10.25000             0.00000
            10.30000             0.00000
            10.35000             0.00000
            10.40000             0.00000
            10.45000             0.00000
            10.50000             0.00000
            10.55000             0.00000
            10.60000             0.00000
            10.65000             0.00000
            10.70000             0.00000
            10.75000             0.00000
            10.80000             0.00000
            10.85000             0.00000
            10.90000             0.00000
            10.95000             0.00000
            11.00000             0.00000
            11.05000             0.00000
            11.10000             0.00000
            11.15000             0.00000
            11.20000             0.00000
            11.25000             0.00000
            11.30000             0.00000
            11.35000             0.00000
            11.40000             0.00000
            11.45000             0.00000
            11.50000             0.00000
            11.55000             0.00000
            11.60000             0.00000
            11.65000             0.00000
            11.70000             0.00000
            11.75000             0.00000
            11.80000             0.00000
            11.85000             0.00000
            11.90000             0.00000
            11.95000             0.00000
            12.00000             0.00000
            12.05000             0.00000
            12.10000             0.00000
            12.15000             0.00000
            12.20000             0.00000
            12.25000             0.00000
            12.30000             0.00000
            12.35000             0.00000
            12.40000             0.00000
            12.45000             0.00000
            12.50000             0.00000
            12.55000             0.00000
            12.60000             0.00000
            12.65000             0.00000
            12.70000             0.00000
            12.75000             0.00000
            12.80000             0.00000
            12.85000             0.00000
            12.90000             0.00000
            12.95000             0.00000
            13.00000             0.00000
            13.05000             0.00000
            13.10000             0.00000
            13.15000             0.00000
            13.20000             0.00000
            13.25000             0.00000
            13.30000             0.00000
            13.35000             0.00000
            13.40000             0.00000
            13.45000             0.00000
            13.50000             0.00000
            13.55000             0.00000
            13.60000             0.00000
            13.65000             0.00000
            13.70000             0.00000
            13.75000             0.00000
            13.80000             0.00000
            13.85000             0.00000
            13.90000             0.00000
            13.95000             0.00000
            14.00000             0.00000
            14.05000             0.00000
            14.10000             0.00000
            14.15000             0.00000
            14.20000             0.00000
            14.25000             0.00000
            14.30000             0.00000
            14.35000             0.00000
            14.40000             0.00000
            14.45000             0.00000
            14.50000             0.00000
            14.55000             0.00000
            14.60000             0.00000
            14.65000             0.00000
            14.70000             0.00000
            14.75000             0.00000
            14.80000             0.00000
            14.85000             0.00000
            14.90000             0.00000
            14.95000             0.00000
            15.00000             0.00000
