         252
 -0.4583333333333333 -0.4583333333333334 -0.4583333333333334  4.000000
 -0.4583333333333333 -0.4583333333333334 -0.3750000000000001  4.000000
 -0.4583333333333333 -0.4583333333333334 -0.2916666666666667  4.000000
 -0.4583333333333333 -0.4583333333333334 -0.2083333333333333  4.000000
 -0.4583333333333333 -0.4583333333333334 -0.1250000000000000  4.000000
 -0.4583333333333333 -0.4583333333333334 -0.0416666666666667  4.000000
 -0.4583333333333333 -0.3750000000000001 -0.4583333333333334  8.000000
 -0.4583333333333333 -0.3750000000000001 -0.3750000000000001  8.000000
 -0.4583333333333333 -0.3750000000000001 -0.2916666666666667  8.000000
 -0.4583333333333333 -0.3750000000000001 -0.2083333333333333  8.000000
 -0.4583333333333333 -0.3750000000000001 -0.1250000000000000  8.000000
 -0.4583333333333333 -0.3750000000000001 -0.0416666666666667  8.000000
 -0.4583333333333333 -0.2916666666666666 -0.4583333333333334  8.000000
 -0.4583333333333333 -0.2916666666666666 -0.3750000000000001  8.000000
 -0.4583333333333333 -0.2916666666666666 -0.2916666666666667  8.000000
 -0.4583333333333333 -0.2916666666666666 -0.2083333333333333  8.000000
 -0.4583333333333333 -0.2916666666666666 -0.1250000000000000  8.000000
 -0.4583333333333333 -0.2916666666666666 -0.0416666666666667  8.000000
 -0.4583333333333333 -0.2083333333333333 -0.4583333333333334  8.000000
 -0.4583333333333333 -0.2083333333333333 -0.3750000000000001  8.000000
 -0.4583333333333333 -0.2083333333333333 -0.2916666666666667  8.000000
 -0.4583333333333333 -0.2083333333333333 -0.2083333333333333  8.000000
 -0.4583333333333333 -0.2083333333333333 -0.1250000000000000  8.000000
 -0.4583333333333333 -0.2083333333333333 -0.0416666666666667  8.000000
 -0.4583333333333333 -0.1250000000000000 -0.4583333333333334  8.000000
 -0.4583333333333333 -0.1250000000000000 -0.3750000000000001  8.000000
 -0.4583333333333333 -0.1250000000000000 -0.2916666666666667  8.000000
 -0.4583333333333333 -0.1250000000000000 -0.2083333333333333  8.000000
 -0.4583333333333333 -0.1250000000000000 -0.1250000000000000  8.000000
 -0.4583333333333333 -0.1250000000000000 -0.0416666666666667  8.000000
 -0.4583333333333333 -0.0416666666666667 -0.4583333333333334  8.000000
 -0.4583333333333333 -0.0416666666666667 -0.3750000000000001  8.000000
 -0.4583333333333333 -0.0416666666666667 -0.2916666666666667  8.000000
 -0.4583333333333333 -0.0416666666666667 -0.2083333333333333  8.000000
 -0.4583333333333333 -0.0416666666666667 -0.1250000000000000  8.000000
 -0.4583333333333333 -0.0416666666666667 -0.0416666666666667  8.000000
 -0.4583333333333333  0.0416666666666667 -0.4583333333333334  8.000000
 -0.4583333333333333  0.0416666666666667 -0.3750000000000001  8.000000
 -0.4583333333333333  0.0416666666666667 -0.2916666666666667  8.000000
 -0.4583333333333333  0.0416666666666667 -0.2083333333333333  8.000000
 -0.4583333333333333  0.0416666666666667 -0.1250000000000000  8.000000
 -0.4583333333333333  0.0416666666666667 -0.0416666666666667  8.000000
 -0.4583333333333333  0.1250000000000000 -0.4583333333333334  8.000000
 -0.4583333333333333  0.1250000000000000 -0.3750000000000001  8.000000
 -0.4583333333333333  0.1250000000000000 -0.2916666666666667  8.000000
 -0.4583333333333333  0.1250000000000000 -0.2083333333333333  8.000000
 -0.4583333333333333  0.1250000000000000 -0.1250000000000000  8.000000
 -0.4583333333333333  0.1250000000000000 -0.0416666666666667  8.000000
 -0.4583333333333333  0.2083333333333334 -0.4583333333333334  8.000000
 -0.4583333333333333  0.2083333333333334 -0.3750000000000001  8.000000
 -0.4583333333333333  0.2083333333333334 -0.2916666666666667  8.000000
 -0.4583333333333333  0.2083333333333334 -0.2083333333333333  8.000000
 -0.4583333333333333  0.2083333333333334 -0.1250000000000000  8.000000
 -0.4583333333333333  0.2083333333333334 -0.0416666666666667  8.000000
 -0.4583333333333333  0.2916666666666666 -0.4583333333333334  8.000000
 -0.4583333333333333  0.2916666666666666 -0.3750000000000001  8.000000
 -0.4583333333333333  0.2916666666666666 -0.2916666666666667  8.000000
 -0.4583333333333333  0.2916666666666666 -0.2083333333333333  8.000000
 -0.4583333333333333  0.2916666666666666 -0.1250000000000000  8.000000
 -0.4583333333333333  0.2916666666666666 -0.0416666666666667  8.000000
 -0.4583333333333333  0.3750000000000001 -0.4583333333333334  8.000000
 -0.4583333333333333  0.3750000000000001 -0.3750000000000001  8.000000
 -0.4583333333333333  0.3750000000000001 -0.2916666666666667  8.000000
 -0.4583333333333333  0.3750000000000001 -0.2083333333333333  8.000000
 -0.4583333333333333  0.3750000000000001 -0.1250000000000000  8.000000
 -0.4583333333333333  0.3750000000000001 -0.0416666666666667  8.000000
 -0.4583333333333333  0.4583333333333333 -0.4583333333333334  4.000000
 -0.4583333333333333  0.4583333333333333 -0.3750000000000001  4.000000
 -0.4583333333333333  0.4583333333333333 -0.2916666666666667  4.000000
 -0.4583333333333333  0.4583333333333333 -0.2083333333333333  4.000000
 -0.4583333333333333  0.4583333333333333 -0.1250000000000000  4.000000
 -0.4583333333333333  0.4583333333333333 -0.0416666666666667  4.000000
 -0.3750000000000000 -0.3750000000000000 -0.4583333333333334  4.000000
 -0.3750000000000000 -0.3750000000000000 -0.3750000000000001  4.000000
 -0.3750000000000000 -0.3750000000000000 -0.2916666666666667  4.000000
 -0.3750000000000000 -0.3750000000000000 -0.2083333333333333  4.000000
 -0.3750000000000000 -0.3750000000000000 -0.1250000000000000  4.000000
 -0.3750000000000000 -0.3750000000000000 -0.0416666666666667  4.000000
 -0.3750000000000000 -0.2916666666666667 -0.4583333333333334  8.000000
 -0.3750000000000000 -0.2916666666666667 -0.3750000000000001  8.000000
 -0.3750000000000000 -0.2916666666666667 -0.2916666666666667  8.000000
 -0.3750000000000000 -0.2916666666666667 -0.2083333333333333  8.000000
 -0.3750000000000000 -0.2916666666666667 -0.1250000000000000  8.000000
 -0.3750000000000000 -0.2916666666666667 -0.0416666666666667  8.000000
 -0.3750000000000000 -0.2083333333333334 -0.4583333333333334  8.000000
 -0.3750000000000000 -0.2083333333333334 -0.3750000000000001  8.000000
 -0.3750000000000000 -0.2083333333333334 -0.2916666666666667  8.000000
 -0.3750000000000000 -0.2083333333333334 -0.2083333333333333  8.000000
 -0.3750000000000000 -0.2083333333333334 -0.1250000000000000  8.000000
 -0.3750000000000000 -0.2083333333333334 -0.0416666666666667  8.000000
 -0.3750000000000000 -0.1250000000000001 -0.4583333333333334  8.000000
 -0.3750000000000000 -0.1250000000000001 -0.3750000000000001  8.000000
 -0.3750000000000000 -0.1250000000000001 -0.2916666666666667  8.000000
 -0.3750000000000000 -0.1250000000000001 -0.2083333333333333  8.000000
 -0.3750000000000000 -0.1250000000000001 -0.1250000000000000  8.000000
 -0.3750000000000000 -0.1250000000000001 -0.0416666666666667  8.000000
 -0.3750000000000000 -0.0416666666666667 -0.4583333333333334  8.000000
 -0.3750000000000000 -0.0416666666666667 -0.3750000000000001  8.000000
 -0.3750000000000000 -0.0416666666666667 -0.2916666666666667  8.000000
 -0.3750000000000000 -0.0416666666666667 -0.2083333333333333  8.000000
 -0.3750000000000000 -0.0416666666666667 -0.1250000000000000  8.000000
 -0.3750000000000000 -0.0416666666666667 -0.0416666666666667  8.000000
 -0.3750000000000000  0.0416666666666666 -0.4583333333333334  8.000000
 -0.3750000000000000  0.0416666666666666 -0.3750000000000001  8.000000
 -0.3750000000000000  0.0416666666666666 -0.2916666666666667  8.000000
 -0.3750000000000000  0.0416666666666666 -0.2083333333333333  8.000000
 -0.3750000000000000  0.0416666666666666 -0.1250000000000000  8.000000
 -0.3750000000000000  0.0416666666666666 -0.0416666666666667  8.000000
 -0.3750000000000000  0.1250000000000000 -0.4583333333333334  8.000000
 -0.3750000000000000  0.1250000000000000 -0.3750000000000001  8.000000
 -0.3750000000000000  0.1250000000000000 -0.2916666666666667  8.000000
 -0.3750000000000000  0.1250000000000000 -0.2083333333333333  8.000000
 -0.3750000000000000  0.1250000000000000 -0.1250000000000000  8.000000
 -0.3750000000000000  0.1250000000000000 -0.0416666666666667  8.000000
 -0.3750000000000000  0.2083333333333333 -0.4583333333333334  8.000000
 -0.3750000000000000  0.2083333333333333 -0.3750000000000001  8.000000
 -0.3750000000000000  0.2083333333333333 -0.2916666666666667  8.000000
 -0.3750000000000000  0.2083333333333333 -0.2083333333333333  8.000000
 -0.3750000000000000  0.2083333333333333 -0.1250000000000000  8.000000
 -0.3750000000000000  0.2083333333333333 -0.0416666666666667  8.000000
 -0.3750000000000000  0.2916666666666666 -0.4583333333333334  8.000000
 -0.3750000000000000  0.2916666666666666 -0.3750000000000001  8.000000
 -0.3750000000000000  0.2916666666666666 -0.2916666666666667  8.000000
 -0.3750000000000000  0.2916666666666666 -0.2083333333333333  8.000000
 -0.3750000000000000  0.2916666666666666 -0.1250000000000000  8.000000
 -0.3750000000000000  0.2916666666666666 -0.0416666666666667  8.000000
 -0.3750000000000000  0.3750000000000000 -0.4583333333333334  4.000000
 -0.3750000000000000  0.3750000000000000 -0.3750000000000001  4.000000
 -0.3750000000000000  0.3750000000000000 -0.2916666666666667  4.000000
 -0.3750000000000000  0.3750000000000000 -0.2083333333333333  4.000000
 -0.3750000000000000  0.3750000000000000 -0.1250000000000000  4.000000
 -0.3750000000000000  0.3750000000000000 -0.0416666666666667  4.000000
 -0.2916666666666667 -0.2916666666666666 -0.4583333333333334  4.000000
 -0.2916666666666667 -0.2916666666666666 -0.3750000000000001  4.000000
 -0.2916666666666667 -0.2916666666666666 -0.2916666666666667  4.000000
 -0.2916666666666667 -0.2916666666666666 -0.2083333333333333  4.000000
 -0.2916666666666667 -0.2916666666666666 -0.1250000000000000  4.000000
 -0.2916666666666667 -0.2916666666666666 -0.0416666666666667  4.000000
 -0.2916666666666667 -0.2083333333333333 -0.4583333333333334  8.000000
 -0.2916666666666667 -0.2083333333333333 -0.3750000000000001  8.000000
 -0.2916666666666667 -0.2083333333333333 -0.2916666666666667  8.000000
 -0.2916666666666667 -0.2083333333333333 -0.2083333333333333  8.000000
 -0.2916666666666667 -0.2083333333333333 -0.1250000000000000  8.000000
 -0.2916666666666667 -0.2083333333333333 -0.0416666666666667  8.000000
 -0.2916666666666667 -0.1250000000000000 -0.4583333333333334  8.000000
 -0.2916666666666667 -0.1250000000000000 -0.3750000000000001  8.000000
 -0.2916666666666667 -0.1250000000000000 -0.2916666666666667  8.000000
 -0.2916666666666667 -0.1250000000000000 -0.2083333333333333  8.000000
 -0.2916666666666667 -0.1250000000000000 -0.1250000000000000  8.000000
 -0.2916666666666667 -0.1250000000000000 -0.0416666666666667  8.000000
 -0.2916666666666667 -0.0416666666666666 -0.4583333333333334  8.000000
 -0.2916666666666667 -0.0416666666666666 -0.3750000000000001  8.000000
 -0.2916666666666667 -0.0416666666666666 -0.2916666666666667  8.000000
 -0.2916666666666667 -0.0416666666666666 -0.2083333333333333  8.000000
 -0.2916666666666667 -0.0416666666666666 -0.1250000000000000  8.000000
 -0.2916666666666667 -0.0416666666666666 -0.0416666666666667  8.000000
 -0.2916666666666667  0.0416666666666667 -0.4583333333333334  8.000000
 -0.2916666666666667  0.0416666666666667 -0.3750000000000001  8.000000
 -0.2916666666666667  0.0416666666666667 -0.2916666666666667  8.000000
 -0.2916666666666667  0.0416666666666667 -0.2083333333333333  8.000000
 -0.2916666666666667  0.0416666666666667 -0.1250000000000000  8.000000
 -0.2916666666666667  0.0416666666666667 -0.0416666666666667  8.000000
 -0.2916666666666667  0.1250000000000000 -0.4583333333333334  8.000000
 -0.2916666666666667  0.1250000000000000 -0.3750000000000001  8.000000
 -0.2916666666666667  0.1250000000000000 -0.2916666666666667  8.000000
 -0.2916666666666667  0.1250000000000000 -0.2083333333333333  8.000000
 -0.2916666666666667  0.1250000000000000 -0.1250000000000000  8.000000
 -0.2916666666666667  0.1250000000000000 -0.0416666666666667  8.000000
 -0.2916666666666667  0.2083333333333334 -0.4583333333333334  8.000000
 -0.2916666666666667  0.2083333333333334 -0.3750000000000001  8.000000
 -0.2916666666666667  0.2083333333333334 -0.2916666666666667  8.000000
 -0.2916666666666667  0.2083333333333334 -0.2083333333333333  8.000000
 -0.2916666666666667  0.2083333333333334 -0.1250000000000000  8.000000
 -0.2916666666666667  0.2083333333333334 -0.0416666666666667  8.000000
 -0.2916666666666667  0.2916666666666666 -0.4583333333333334  4.000000
 -0.2916666666666667  0.2916666666666666 -0.3750000000000001  4.000000
 -0.2916666666666667  0.2916666666666666 -0.2916666666666667  4.000000
 -0.2916666666666667  0.2916666666666666 -0.2083333333333333  4.000000
 -0.2916666666666667  0.2916666666666666 -0.1250000000000000  4.000000
 -0.2916666666666667  0.2916666666666666 -0.0416666666666667  4.000000
 -0.2083333333333333 -0.2083333333333333 -0.4583333333333334  4.000000
 -0.2083333333333333 -0.2083333333333333 -0.3750000000000001  4.000000
 -0.2083333333333333 -0.2083333333333333 -0.2916666666666667  4.000000
 -0.2083333333333333 -0.2083333333333333 -0.2083333333333333  4.000000
 -0.2083333333333333 -0.2083333333333333 -0.1250000000000000  4.000000
 -0.2083333333333333 -0.2083333333333333 -0.0416666666666667  4.000000
 -0.2083333333333333 -0.1250000000000000 -0.4583333333333334  8.000000
 -0.2083333333333333 -0.1250000000000000 -0.3750000000000001  8.000000
 -0.2083333333333333 -0.1250000000000000 -0.2916666666666667  8.000000
 -0.2083333333333333 -0.1250000000000000 -0.2083333333333333  8.000000
 -0.2083333333333333 -0.1250000000000000 -0.1250000000000000  8.000000
 -0.2083333333333333 -0.1250000000000000 -0.0416666666666667  8.000000
 -0.2083333333333333 -0.0416666666666667 -0.4583333333333334  8.000000
 -0.2083333333333333 -0.0416666666666667 -0.3750000000000001  8.000000
 -0.2083333333333333 -0.0416666666666667 -0.2916666666666667  8.000000
 -0.2083333333333333 -0.0416666666666667 -0.2083333333333333  8.000000
 -0.2083333333333333 -0.0416666666666667 -0.1250000000000000  8.000000
 -0.2083333333333333 -0.0416666666666667 -0.0416666666666667  8.000000
 -0.2083333333333333  0.0416666666666667 -0.4583333333333334  8.000000
 -0.2083333333333333  0.0416666666666667 -0.3750000000000001  8.000000
 -0.2083333333333333  0.0416666666666667 -0.2916666666666667  8.000000
 -0.2083333333333333  0.0416666666666667 -0.2083333333333333  8.000000
 -0.2083333333333333  0.0416666666666667 -0.1250000000000000  8.000000
 -0.2083333333333333  0.0416666666666667 -0.0416666666666667  8.000000
 -0.2083333333333333  0.1250000000000000 -0.4583333333333334  8.000000
 -0.2083333333333333  0.1250000000000000 -0.3750000000000001  8.000000
 -0.2083333333333333  0.1250000000000000 -0.2916666666666667  8.000000
 -0.2083333333333333  0.1250000000000000 -0.2083333333333333  8.000000
 -0.2083333333333333  0.1250000000000000 -0.1250000000000000  8.000000
 -0.2083333333333333  0.1250000000000000 -0.0416666666666667  8.000000
 -0.2083333333333333  0.2083333333333333 -0.4583333333333334  4.000000
 -0.2083333333333333  0.2083333333333333 -0.3750000000000001  4.000000
 -0.2083333333333333  0.2083333333333333 -0.2916666666666667  4.000000
 -0.2083333333333333  0.2083333333333333 -0.2083333333333333  4.000000
 -0.2083333333333333  0.2083333333333333 -0.1250000000000000  4.000000
 -0.2083333333333333  0.2083333333333333 -0.0416666666666667  4.000000
 -0.1250000000000000 -0.1250000000000000 -0.4583333333333334  4.000000
 -0.1250000000000000 -0.1250000000000000 -0.3750000000000001  4.000000
 -0.1250000000000000 -0.1250000000000000 -0.2916666666666667  4.000000
 -0.1250000000000000 -0.1250000000000000 -0.2083333333333333  4.000000
 -0.1250000000000000 -0.1250000000000000 -0.1250000000000000  4.000000
 -0.1250000000000000 -0.1250000000000000 -0.0416666666666667  4.000000
 -0.1250000000000000 -0.0416666666666667 -0.4583333333333334  8.000000
 -0.1250000000000000 -0.0416666666666667 -0.3750000000000001  8.000000
 -0.1250000000000000 -0.0416666666666667 -0.2916666666666667  8.000000
 -0.1250000000000000 -0.0416666666666667 -0.2083333333333333  8.000000
 -0.1250000000000000 -0.0416666666666667 -0.1250000000000000  8.000000
 -0.1250000000000000 -0.0416666666666667 -0.0416666666666667  8.000000
 -0.1250000000000000  0.0416666666666667 -0.4583333333333334  8.000000
 -0.1250000000000000  0.0416666666666667 -0.3750000000000001  8.000000
 -0.1250000000000000  0.0416666666666667 -0.2916666666666667  8.000000
 -0.1250000000000000  0.0416666666666667 -0.2083333333333333  8.000000
 -0.1250000000000000  0.0416666666666667 -0.1250000000000000  8.000000
 -0.1250000000000000  0.0416666666666667 -0.0416666666666667  8.000000
 -0.1250000000000000  0.1250000000000000 -0.4583333333333334  4.000000
 -0.1250000000000000  0.1250000000000000 -0.3750000000000001  4.000000
 -0.1250000000000000  0.1250000000000000 -0.2916666666666667  4.000000
 -0.1250000000000000  0.1250000000000000 -0.2083333333333333  4.000000
 -0.1250000000000000  0.1250000000000000 -0.1250000000000000  4.000000
 -0.1250000000000000  0.1250000000000000 -0.0416666666666667  4.000000
 -0.0416666666666667 -0.0416666666666667 -0.4583333333333334  4.000000
 -0.0416666666666667 -0.0416666666666667 -0.3750000000000001  4.000000
 -0.0416666666666667 -0.0416666666666667 -0.2916666666666667  4.000000
 -0.0416666666666667 -0.0416666666666667 -0.2083333333333333  4.000000
 -0.0416666666666667 -0.0416666666666667 -0.1250000000000000  4.000000
 -0.0416666666666667 -0.0416666666666667 -0.0416666666666667  4.000000
 -0.0416666666666667  0.0416666666666667 -0.4583333333333334  4.000000
 -0.0416666666666667  0.0416666666666667 -0.3750000000000001  4.000000
 -0.0416666666666667  0.0416666666666667 -0.2916666666666667  4.000000
 -0.0416666666666667  0.0416666666666667 -0.2083333333333333  4.000000
 -0.0416666666666667  0.0416666666666667 -0.1250000000000000  4.000000
 -0.0416666666666667  0.0416666666666667 -0.0416666666666667  4.000000
